-0.01463	0.00151	0.00265	0.00531	0.00011	0.00006	0.00000	0.00883	0.00000	0.00090	0.00009	0.00000	0.00601	0.00007	0.00012	0.00004	0.00001	-0.00261	0.00329	0.00165	0.00009	0.00000	0.00000	0.00533	0.00000	0.00000	0.00739	0.00000	0.00000	0.00000
-0.00004	-0.01057	-0.00012	-0.00291	0.00000	0.00002	0.00000	-0.00118	0.00000	0.00004	-0.00134	0.00000	-0.00006	0.02054	0.00011	0.00001	0.00007	-0.00124	-0.00018	-0.00011	0.01513	0.00000	0.00000	-0.00027	0.00000	0.00000	-0.00245	0.00000	0.00000	0.00000
-0.00448	-0.00009	-0.04926	-0.01052	0.00088	0.00594	0.00053	-0.00381	0.00062	0.00038	-0.00345	0.01397	-0.00024	0.00024	0.00063	0.00539	0.00017	-0.01306	-0.00065	-0.00024	0.01672	0.01461	0.00525	0.00031	0.01473	0.01470	-0.01790	0.00882	0.01499	0.01283
-0.01407	0.00015	0.00655	-0.00823	0.00000	0.00000	0.00000	-0.00117	0.00000	-0.00010	0.00000	0.00000	0.00277	0.00000	0.00000	0.00000	0.00000	0.00387	0.00618	0.00633	0.00000	0.00000	0.00000	0.00117	0.00000	0.00000	-0.00099	0.00000	0.00000	0.00000
0.00011	0.00102	-0.00379	0.00000	-0.04281	-0.00177	0.03324	0.00079	-0.00002	0.00013	-0.00706	0.00252	0.00011	-0.00512	-0.00989	0.00020	0.00080	-0.00408	-0.00019	-0.00000	0.00031	0.00885	0.03162	-0.00828	0.01555	0.01274	-0.00833	-0.00000	-0.00016	0.03748
0.00007	0.00049	-0.00429	0.00000	0.00928	-0.00837	0.00007	0.00038	0.00461	0.00008	0.00311	-0.00012	0.00007	-0.00146	-0.00320	0.00323	0.00721	-0.00252	0.00001	0.00006	0.00667	-0.00010	-0.00002	-0.00300	-0.00008	-0.00009	-0.00437	-0.00007	-0.00018	-0.00009
0.00000	0.00000	-0.04703	0.00000	-0.01273	-0.00043	-1.00119	0.00000	-0.04342	0.00000	0.00393	-0.04918	0.00000	0.00207	-0.10853	0.00114	-0.08264	0.00000	-0.03386	-0.04615	-0.00302	0.00073	0.00278	0.00000	0.00701	-0.00103	0.00000	-0.00022	-0.00198	0.00253
-0.00046	0.00187	0.00240	-0.00003	0.00023	0.00021	0.00000	-0.01314	0.00000	0.00016	-0.00550	0.00000	0.00010	0.00259	0.00510	0.00004	0.00515	-0.00495	0.00122	0.00295	0.00015	0.00000	0.00000	-0.00064	0.00000	0.00000	-0.00382	0.00000	0.00000	0.00000
0.00000	0.00000	-0.00876	0.00000	0.00073	-0.01227	0.00592	0.00000	-0.04071	0.00000	0.00038	0.03362	0.00000	-0.00089	-0.00391	0.00008	0.00054	0.00000	0.00000	-0.00997	0.00013	-0.00046	-0.00047	0.00000	0.00943	-0.00097	0.00000	-0.00058	-0.00037	-0.00042
-0.18939	-0.00213	-0.00314	-0.00963	0.00145	0.00080	0.00000	-0.01449	0.00000	-0.97065	0.00124	0.00000	-0.18384	0.00093	0.00167	0.00059	0.00008	-0.06932	0.01223	-0.00166	0.00123	0.00000	0.00000	-0.00192	0.00000	0.00000	-0.01340	0.00000	0.00000	0.00000
0.00012	0.00635	0.00057	0.00000	0.00656	-0.00336	0.00000	0.00276	0.00016	0.00015	-0.00779	0.00000	0.00012	0.00436	0.00204	0.00015	0.00536	-0.00441	0.00438	0.00243	0.00184	0.00000	0.00000	0.00018	0.00000	0.00000	-0.00034	0.00000	0.00000	0.00000
0.00000	0.00000	-0.00297	0.00000	-0.00847	-0.00004	0.02716	0.00000	0.01473	0.00000	0.00011	-0.06009	0.00000	0.00006	-0.00295	-0.00002	-0.01694	0.00000	-0.01056	-0.00428	-0.00667	0.00883	0.01965	0.00000	0.02099	0.00075	0.00000	0.01116	-0.00013	0.01531
-0.01153	-0.00013	-0.00022	-0.00092	0.00008	0.00005	0.00000	-0.00089	0.00000	0.02666	0.00007	0.00000	-0.02822	0.00005	0.00010	0.00003	0.00000	-0.00136	0.01876	-0.00012	0.00007	0.00000	0.00000	0.00474	0.00000	0.00000	-0.00082	0.00000	0.00000	0.00000
0.00007	-0.00368	0.00016	0.00000	0.00986	0.00447	0.00002	-0.00402	0.02062	0.00008	-0.00637	0.00001	0.00007	-0.02038	-0.00092	0.00426	0.00042	-0.00251	-0.00010	0.00012	-0.00051	0.00002	0.00001	-0.00160	0.00003	0.00002	-0.00455	0.00001	0.00000	0.00002
0.00014	-0.00023	0.00013	0.00000	0.00685	-0.00368	0.00294	-0.00152	0.00093	0.00017	-0.00541	0.00223	0.00014	0.00356	-0.01292	0.00401	0.00325	-0.00511	-0.00029	-0.00000	0.00384	0.00336	0.00182	-0.00130	0.00407	0.00377	-0.00857	0.00172	0.00000	0.00279
0.00022	0.00007	-0.02363	0.00000	0.00148	-0.02416	-0.00120	0.00017	0.00017	0.00028	0.00085	-0.00117	0.00023	-0.01110	-0.00633	-0.05192	0.00106	-0.00841	0.00005	-0.01595	0.00009	0.13234	-0.00145	0.00032	-0.00180	0.06910	0.00000	-0.00149	-0.00100	-0.00145
0.00015	0.00056	0.00016	0.00000	0.00091	-0.01394	0.02651	-0.00260	0.00041	0.00019	-0.02011	0.06955	0.00016	0.00062	-0.00631	0.00045	-0.02406	-0.00565	-0.00054	-0.00009	0.00078	0.00012	0.00006	-0.00850	0.01745	0.00013	-0.00669	0.00006	0.00000	0.00010
-0.01200	0.00057	0.00164	-0.00386	0.00215	0.00118	0.00000	0.00078	0.00000	0.00370	0.00184	0.00000	-0.00166	0.00138	0.00248	0.00088	0.00011	-0.02312	0.00029	0.00135	0.00183	0.00000	0.00000	0.00320	0.00000	0.00000	-0.00103	0.00000	0.00000	0.00000
-0.00468	-0.00160	-0.00052	-0.00826	-0.00135	-0.00042	0.01388	-0.00262	0.00000	0.00480	-0.03835	0.00225	-0.03378	-0.00083	-0.00004	0.00003	-0.00107	-0.00359	-0.01901	-0.00078	-0.00023	0.00643	0.01986	0.00020	0.01889	0.01283	-0.03632	0.00695	0.00000	0.01653
-0.00852	-0.00024	-0.00051	-0.01292	-0.00022	-0.00002	0.02822	-0.01468	0.00502	-0.00002	-0.00823	0.00700	-0.00083	0.00026	0.00094	0.00316	0.00064	-0.00181	-0.00090	-0.05316	-0.00001	0.01189	0.02579	0.00005	0.02121	0.02506	-0.02132	0.02147	0.00000	0.01527
0.00005	-0.00507	-0.00628	0.00000	0.00066	-0.00442	0.02647	0.00077	0.00012	0.00006	-0.00945	0.03822	0.00005	-0.00101	-0.00096	0.00003	0.00075	-0.00179	-0.00027	-0.00009	-0.04172	-0.00024	-0.00008	-0.00934	0.04611	-0.00024	-0.00687	-0.00015	-0.00027	-0.00021
0.00000	0.00000	-0.01504	0.00000	-0.05187	-0.00021	0.00029	0.00000	0.00026	0.00000	0.00037	-0.00434	0.00000	0.00019	-0.01021	-0.04164	0.00018	0.00000	-0.00705	-0.00162	-0.00050	-0.00451	0.04204	0.00000	-0.04218	-0.00117	0.00000	0.19109	-0.00063	-0.00026
0.00000	0.00000	-0.01258	0.00000	-0.00338	-0.00005	0.00334	0.00000	0.00110	0.00000	0.00178	-0.01552	0.00000	0.00094	-0.04915	0.00073	0.00085	0.00000	-0.04129	-0.01165	0.00037	-0.05380	-0.14949	0.00000	0.00404	-0.00241	0.00000	-0.00112	0.52500	-0.03255
-0.00324	0.00331	-0.00008	-0.00126	0.00171	0.00113	0.00000	0.00062	0.00000	0.00041	-0.00084	0.00000	-0.00288	0.00181	0.00045	0.00001	0.00205	-0.00167	0.00009	-0.00005	0.00054	0.00000	0.00000	-0.01162	0.00000	0.00000	-0.00312	0.00000	0.00000	0.00000
0.00000	0.00000	-0.00603	0.00000	-0.00411	-0.00009	0.00026	0.00000	-0.00230	0.00000	0.00012	-0.00621	0.00000	0.00007	-0.00343	-0.00008	-0.00590	0.00000	-0.00630	-0.00642	-0.00185	0.07146	0.00031	0.00000	-0.03145	-0.00027	0.00000	-0.00013	-0.00025	0.00022
0.00000	0.00000	-0.02015	0.00000	-0.08760	-0.00031	0.00073	0.00000	0.00158	0.00000	0.00023	-0.05766	0.00000	0.00012	-0.00623	-0.05277	0.00011	0.00000	-0.16197	-0.15443	-0.00081	-0.00231	-0.01893	0.00000	0.00606	-0.34095	0.00000	-0.02462	-0.00085	-0.15452
-0.02011	-0.00020	0.00023	-0.00101	0.00183	0.00201	0.00000	0.00198	0.00000	-0.00014	0.00217	0.00000	-0.00112	0.00138	0.00294	0.00000	0.00121	-0.00046	0.00103	0.00226	0.00104	0.00000	0.00000	0.00194	0.00000	0.00000	-0.01041	0.00000	0.00000	0.00000
0.00000	0.00000	-0.00937	0.00000	0.00667	0.00041	0.00024	0.00000	0.00047	0.00000	0.00660	-0.01472	0.00000	0.00348	-0.18246	0.00279	0.00315	0.00000	-0.06429	-0.09561	0.00311	-0.01287	-0.00457	0.00000	0.00402	-0.00459	0.00000	-0.76951	-0.00040	-0.03589
0.00000	0.00000	-0.32993	0.00000	-0.00064	-0.00535	-0.00049	0.00000	-0.00058	0.00000	0.00000	-0.01297	0.00000	0.00000	0.00000	-0.00490	0.00000	0.00000	0.00000	0.00000	-0.01530	-0.01356	-0.02340	0.00000	-0.01367	-0.01365	0.00000	-0.00819	-0.77222	-0.01192
0.00000	0.00000	-0.03038	0.00000	-0.04680	-0.00047	0.00314	0.00000	0.00214	0.00000	0.00025	-0.03660	0.00000	0.00013	-0.00694	-0.00046	0.00012	0.00000	-0.04201	-0.01748	-0.00127	0.00013	0.13713	0.00000	0.00286	0.11156	0.00000	0.12087	-0.00128	-0.00043
