-0.00803	0.00044	0.01057	0.00003	-0.00008	0.04166	-0.00007	0.00002	0.02787	0.00058	0.04049	-0.00282	-0.02829	0.00000	0.00000	0.00012	0.02035	0.00000	0.00054	0.00030	0.01141	0.00000	0.00052	0.00031	0.00052	0.00000	-0.00002	0.00000	-0.04469	0.00060
0.00057	-0.07586	0.00069	-0.00001	-0.00011	0.00056	-0.00010	0.00004	0.02482	0.00058	-0.00001	0.00066	-0.04045	0.00000	0.00000	0.00022	0.00050	0.00000	0.00049	0.00034	0.05674	0.03687	0.00047	0.00028	0.00054	0.06444	-0.00003	0.00996	-0.04351	0.00059
-0.02224	0.00008	-0.05969	-0.01126	0.00000	0.12250	0.00000	0.00002	-0.00140	-0.01493	-0.00400	0.00012	0.00000	0.00000	0.00000	-0.02837	0.13955	0.00000	-0.00204	0.00007	-0.00162	-0.00030	0.00011	-0.02092	0.00012	-0.00061	0.00000	-0.00086	-0.00771	-0.00089
0.00040	0.00031	0.00527	-0.03080	-0.00011	0.12674	-0.00010	0.00001	0.00000	0.00042	-0.00001	0.00048	-0.03828	0.00000	0.00000	0.00016	0.05657	0.00000	0.00033	0.00023	0.00000	0.00000	0.00032	0.00019	0.00037	0.00000	-0.00003	0.00000	-0.03199	0.00041
-0.00003	-0.00000	0.00000	-0.00006	-0.02121	0.00000	-0.00005	-0.00004	0.00000	-0.00002	0.01358	-0.00001	-0.01930	0.00000	0.00000	-0.00001	0.00000	0.00000	0.00546	-0.00004	0.00000	0.00000	-0.00006	-0.00003	-0.00006	0.00000	-0.00001	0.00000	-0.00004	-0.00004
-0.02530	0.00009	-0.00240	-0.01061	0.00000	-0.04966	0.00000	0.00003	-0.00107	-0.00126	-0.00177	0.00015	0.00000	0.00000	0.00000	-0.01453	0.08545	0.00000	-0.00065	-0.00610	0.01052	-0.00016	0.00018	-0.01350	0.00018	-0.00024	0.00000	-0.00036	-0.00953	-0.01629
-0.00012	-0.00001	0.00000	-0.00020	-0.00019	0.00000	-0.07494	-0.00014	0.00000	-0.00007	-0.00008	-0.00004	-0.06672	0.08810	0.00000	-0.00003	0.00000	0.00000	-0.00019	-0.00013	0.00000	0.01450	-0.00021	-0.00011	-0.00020	0.08758	-0.00005	0.00000	-0.00015	-0.00015
-0.00073	0.00046	0.00075	0.00008	-0.00004	0.00061	-0.00004	-0.03733	0.00000	0.00007	0.00003	-0.05635	-0.01474	0.00899	0.16462	-0.00158	0.00054	0.05742	0.00061	-0.00081	0.00000	0.00000	0.00046	0.00035	-0.00043	0.00000	-0.00001	0.00000	-0.04795	0.00009
-0.09926	-0.04887	-0.00804	0.00000	0.00000	-0.00493	0.00000	0.00000	-0.78848	0.00000	-0.00672	0.00000	0.00000	0.00000	0.00000	-0.05379	-0.00315	0.00000	-0.00298	0.00000	-0.08042	0.00009	-0.08530	-0.08564	0.00013	0.00390	0.00000	0.01562	0.00000	-0.05882
-0.00028	0.00002	0.02047	-0.00002	-0.00003	0.02114	-0.00002	-0.00017	0.00000	-0.02876	0.02054	-0.01162	-0.00960	0.00000	0.00000	-0.00037	0.00002	0.00000	0.00860	-0.00025	0.00000	0.00000	-0.00003	-0.00000	-0.00023	0.00000	-0.00001	0.00000	-0.00195	-0.00012
-0.00661	0.00009	-0.00222	0.00001	-0.01334	-0.00081	-0.00001	0.00001	-0.00086	-0.00165	-0.02857	0.00014	-0.00528	0.19763	0.00000	-0.02516	-0.00035	0.00000	-0.02254	0.00008	-0.00122	-0.00027	0.00011	-0.01679	0.00013	-0.00054	-0.00000	-0.00076	-0.00921	-0.00051
0.01089	0.00003	0.00005	-0.00006	-0.00006	0.00004	-0.00006	0.00593	0.00000	0.00467	-0.00002	-0.01874	-0.02286	0.00000	0.00000	0.01424	0.00004	0.00000	-0.00002	0.00962	0.00000	0.00000	0.00110	-0.00001	0.00857	0.00000	-0.00002	0.00000	0.00284	0.00482
0.00265	0.00025	0.00000	0.00448	0.00416	0.00000	0.00378	0.00305	0.00000	0.00154	0.00171	0.00087	-0.03371	0.00000	0.00000	0.00068	0.00000	0.00000	0.00424	0.00290	0.00000	0.00000	0.00459	0.00251	0.00438	0.00000	0.00104	0.00000	0.00325	0.00331
0.00000	0.00000	0.00000	0.00000	0.00000	0.00000	-0.02946	-0.01813	0.00000	0.00000	-0.06421	0.00000	0.00000	-0.16123	0.00127	0.00000	0.00000	0.51340	0.00000	0.00000	0.00000	-0.00087	0.00000	0.00000	-0.00658	-0.04035	0.00000	0.00000	0.00000	0.00000
0.00000	0.00000	0.00000	0.00000	0.00000	0.00000	0.00000	-0.07975	0.00000	0.00000	0.00000	0.00000	0.00000	0.02030	-0.16469	0.00000	0.00000	0.20707	0.00000	0.00000	0.00000	0.00000	0.00000	0.00000	-0.08568	0.00000	0.00000	-0.08218	0.00000	0.00000
-0.00009	0.00009	0.02611	-0.00002	-0.00004	0.00904	-0.00004	-0.00012	0.01177	0.00003	0.01716	-0.00852	-0.01512	0.00000	0.00000	-0.00799	0.00220	0.00000	0.02375	-0.00012	0.01138	0.00646	0.00012	0.00005	-0.00002	0.01330	-0.00001	0.01861	-0.00995	-0.02128
-0.04331	0.00127	-0.12311	-0.00226	0.00000	-0.07616	0.00000	0.00036	-0.00374	0.00185	-0.00543	0.00201	0.00000	0.00000	0.00000	-0.11013	-0.85348	0.00000	-0.00301	-0.24619	-0.00358	-0.00118	0.00190	-0.04614	0.00205	-0.00219	0.00000	-0.00313	-0.12861	-0.04482
0.00000	0.00000	0.00000	0.00000	0.00000	0.00000	0.00000	-0.04940	0.00000	0.00000	0.00000	0.00000	0.00000	-0.05642	-0.10049	0.00000	0.00000	-1.17405	0.00000	0.00000	0.00000	0.00000	0.00000	0.00000	0.00000	0.00000	0.00000	-0.12668	0.00000	0.00000
0.00005	0.00004	-0.00047	0.00001	-0.00202	-0.00007	-0.00000	0.00001	-0.00016	-0.00009	0.08510	0.00006	-0.00171	0.00000	0.00000	-0.00678	-0.00002	0.00000	-0.02791	0.00003	-0.00028	-0.00007	0.00006	-0.00419	0.00007	-0.00012	-0.00000	-0.00018	-0.00391	-0.00555
0.00001	0.00029	0.00047	0.00005	-0.00002	0.17704	-0.00002	-0.00016	0.00000	0.00024	0.00002	-0.01646	-0.00874	0.00000	0.00000	-0.00038	0.02211	0.00000	0.00039	-0.02269	0.00000	0.00000	0.00034	0.00022	0.00010	0.00000	-0.00001	0.00000	-0.02994	0.00026
-0.02441	-0.01813	-0.00192	0.00000	0.00000	-0.02502	0.00000	0.00000	0.05265	0.00000	-0.00150	0.00000	0.00000	0.00000	0.00000	-0.00704	0.00954	0.00000	-0.00053	0.00000	-0.02421	0.01142	0.00008	-0.02582	0.00007	0.01420	0.00000	0.00898	0.00000	-0.02899
0.00000	-0.14616	-0.01198	0.00000	0.00000	-0.00410	-0.01251	0.00000	0.02841	0.00000	-0.00792	0.00000	0.00000	-0.00224	0.00000	-0.28143	-0.00094	0.00000	-0.01096	0.00000	-0.11147	-0.96650	-0.19905	0.00000	0.00000	-0.00978	0.00000	0.02608	0.00000	0.00000
-0.00079	0.00006	0.00028	-0.00004	-0.00005	0.00018	-0.00005	-0.00049	0.03391	-0.00029	0.00013	-0.03464	-0.01901	0.00000	0.00000	-0.00096	0.00018	0.00000	0.00006	-0.00073	0.00011	0.00083	-0.04544	0.00002	-0.00055	0.02965	-0.00001	0.06909	-0.00711	-0.03291
0.00046	0.00031	0.04411	0.00008	-0.00001	0.00276	-0.00001	0.00008	0.00849	0.00045	0.01276	0.00049	-0.00210	0.00000	0.00000	0.00017	0.01074	0.00000	0.00826	0.00030	0.02921	0.00000	0.00042	-0.02980	0.00047	0.00000	-0.00000	0.00000	-0.03127	0.00048
0.00046	0.00036	0.00080	0.00006	-0.00003	0.00059	-0.00003	0.00004	0.00016	0.00049	0.00019	-0.00195	-0.01197	0.12377	0.03004	0.00026	0.00054	0.00000	0.00050	0.00027	0.00012	0.00000	0.00057	0.00027	-0.04110	0.00019	-0.02499	0.00021	-0.03681	-0.03812
0.00000	-0.01133	-0.00078	0.00000	0.00000	-0.00026	-0.01412	0.00000	0.00180	0.00000	-0.00051	0.00000	0.00000	0.12833	0.00000	-0.01945	-0.00003	0.00000	-0.00075	0.00000	-0.00767	-0.00124	-0.01295	0.00000	0.00002	-0.09331	0.00000	0.00168	0.00000	-0.00960
-0.00008	-0.00001	0.00000	-0.00014	-0.00013	0.00000	-0.00012	-0.00009	0.00000	-0.00005	-0.00005	-0.00003	-0.04587	0.00000	0.00000	-0.00002	0.00000	0.00000	-0.00013	-0.00009	0.00000	0.00000	-0.00014	-0.00008	0.04040	0.00000	-0.00877	0.00000	-0.00010	-0.00010
0.00000	-0.03261	-0.00243	0.00000	0.00000	-0.00081	0.00000	0.00000	0.00368	0.00000	-0.00159	0.00000	0.00000	0.00000	0.06426	-0.05952	-0.00013	0.36145	-0.00231	0.00000	-0.02358	-0.00236	-0.01513	0.00000	0.00005	-0.00376	0.00000	-0.13519	0.00000	-0.02005
0.00426	0.00312	0.00502	0.00080	-0.00004	0.00405	-0.00003	0.00064	0.00000	0.00437	0.00028	-0.00997	-0.01350	0.00000	0.00000	0.00124	0.00360	0.00000	0.00433	0.00267	0.00000	0.00000	0.00425	0.00247	0.00444	0.00000	-0.00001	0.00000	-0.03981	0.00473
-0.00010	0.00016	0.01125	-0.00000	-0.00004	0.00606	-0.00004	-0.00016	0.00810	0.00008	0.00890	-0.01254	-0.01447	0.00000	0.00000	0.00732	0.00661	0.00000	0.00162	-0.00015	0.00646	0.00000	0.00560	0.00010	0.00446	0.00960	-0.00001	0.01066	-0.01628	-0.03591
