-0.00818	0.00019	0.00010	0.00034	0.00071	0.00019	0.03897	-0.02134	0.01220	-0.00677	0.00021	0.00000	0.00030	0.02201	0.00023	0.01247	0.00042	0.00915	0.03878	-0.01668	0.04466	-0.01499	0.00051	-0.00851	0.00023	0.00028	0.00044	-0.02189	-0.01376	0.03684
0.00017	0.01563	0.00000	-0.08152	0.00034	0.00000	-0.03432	0.00000	0.00019	0.00000	0.00304	0.00134	0.13764	0.00026	0.00000	0.00049	-0.00166	-0.00171	-0.00327	0.00000	-0.00206	0.00046	-0.03277	0.00000	0.00000	0.16757	0.00208	-0.03171	0.00000	-0.01650
0.00005	0.00000	-0.01031	0.00000	0.01067	-0.02020	0.00000	0.00020	0.00000	0.00019	0.00000	0.00000	0.00000	0.00000	0.00026	0.00000	0.00000	0.00000	0.00005	0.00021	0.00000	0.00044	0.02480	-0.00641	0.00031	0.00000	0.00000	0.00036	0.00035	0.00003
0.00008	0.05502	0.00000	-0.01518	-0.00665	0.00000	-0.00246	-0.01169	-0.00336	0.00000	0.00058	0.00012	-0.00036	0.00034	0.00000	0.00016	0.00030	0.00092	-0.00856	0.00000	0.00048	0.00004	-0.00517	0.00000	-0.00979	0.00027	-0.00202	-0.00303	0.00000	-0.00746
0.00159	0.00033	-0.00432	0.01159	-0.02758	0.00062	0.00052	-0.00513	0.00038	0.00076	0.02259	0.00000	0.00053	0.00049	0.00080	0.00070	0.01875	0.01022	0.00190	-0.00599	0.02231	-0.00776	0.00205	-0.02719	0.00072	0.00050	0.01803	-0.03857	0.00081	0.00121
0.00013	0.00000	0.00088	0.00000	0.00053	-0.00590	0.00000	0.00068	0.00000	0.00057	0.00000	0.00000	0.00000	0.00000	0.00182	0.00000	0.00000	0.00000	0.00013	0.00087	0.00000	0.00502	0.00198	-0.00997	0.00334	0.00000	0.00000	0.00584	0.00371	0.00008
-0.00849	0.00744	0.00000	0.00690	0.00024	0.00000	-0.01484	-0.01749	0.00149	0.00000	0.01198	0.00335	0.00402	0.00043	-0.00002	0.00037	0.00110	0.00132	-0.00278	-0.00005	0.00004	-0.00922	0.00034	0.00000	-0.01404	0.00961	0.00958	-0.02134	0.00000	-0.00340
0.01158	0.00000	0.00033	0.00227	0.00598	-0.01808	0.01185	-0.00232	0.00372	0.00075	0.00742	0.00000	0.00000	0.00924	0.00082	0.00959	0.00474	0.00153	0.00253	0.00068	0.00750	-0.02022	0.00058	-0.02650	0.00083	0.00000	0.01063	0.00051	0.00094	0.00318
-0.00603	-0.00169	0.00000	0.01960	0.00018	0.00000	0.00022	-0.00112	-0.01183	0.00000	0.00342	0.00000	-0.00125	0.00029	-0.00002	0.00017	0.02735	0.02474	-0.02652	-0.00004	0.01911	-0.00759	0.00030	0.00000	-0.01494	-0.00005	0.00257	-0.01895	0.00000	-0.02116
0.03013	0.00000	0.00023	0.00000	0.00064	-0.00578	0.00000	0.00056	0.00000	-0.02293	0.00000	0.00000	0.00000	0.00000	0.00061	0.00000	0.00000	0.00000	0.00016	0.00058	0.00000	0.00075	0.00046	-0.01961	0.00056	0.00000	0.00000	0.00037	0.00064	0.02382
0.00004	-0.00012	0.00000	-0.00022	-0.00312	0.00000	-0.00140	-0.00421	-0.00048	0.00000	-0.01545	0.00005	-0.00010	0.00005	0.00000	0.00007	-0.00031	-0.00009	-0.00312	0.00000	-0.00004	0.00006	-0.00292	0.00000	-0.00043	0.00016	0.05050	-0.00396	0.00000	-0.00305
0.00000	0.03749	0.00000	0.02627	0.00000	0.00000	-0.42499	0.00000	0.00000	0.00000	0.05600	-0.81634	0.01967	0.00000	0.00000	0.00000	0.00000	0.00000	0.00000	0.00000	0.00000	0.00000	0.00000	0.00000	0.00000	-0.15582	0.04532	0.00000	0.00000	0.00000
0.00085	-0.17106	0.00000	0.00452	0.00171	0.00000	-0.11388	0.00000	0.00013	0.00000	0.01272	0.00425	-0.96336	0.00039	0.00000	0.00188	-0.00969	-0.00743	0.00283	0.00000	-0.00332	0.00232	0.00283	0.00000	0.00000	-0.01113	0.00672	-0.16032	0.00000	-0.20523
-0.09892	-0.01072	0.00000	0.00296	0.00105	0.00000	-0.00690	-0.04699	0.00184	0.00000	0.00084	0.00000	-0.00805	-0.35702	-0.00014	-0.00067	-0.00360	-0.00188	-0.09096	-0.00038	-0.00788	-0.06854	0.00165	0.00000	-0.04387	-0.00048	-0.00260	-0.10961	0.00000	-0.13736
0.00007	0.00000	0.00013	0.00000	0.00029	-0.01403	-0.00002	0.00025	-0.00002	0.00026	0.00000	0.00000	0.00000	-0.00001	-0.00656	-0.00002	0.00000	0.00000	0.00006	0.00026	0.00000	-0.00279	0.03068	-0.00899	0.00034	0.00000	0.00000	0.00030	0.00038	0.00004
-0.11043	-0.01085	0.00000	-0.00051	0.00142	0.00000	-0.01054	-0.02735	-0.00168	0.00000	-0.00061	0.00000	-0.00802	-0.00342	-0.00005	-0.87533	-0.00564	-0.00616	-0.03127	-0.00014	-0.01053	-0.02426	0.00228	0.00000	-0.00520	-0.00021	-0.00269	-0.13524	0.00000	-0.14236
0.00091	-0.01168	0.00000	-0.00326	-0.07660	0.00000	-0.00045	-0.11071	-0.06265	0.00000	-0.00618	0.00000	-0.00914	0.00147	0.00000	0.00106	-0.70127	0.00394	-0.12391	0.00000	0.00519	0.00086	-0.00301	0.00000	-0.04463	-0.00119	-0.09058	-0.05959	0.00000	-0.13678
-0.11095	-0.00836	0.00000	0.00571	-0.04159	0.00000	-0.00593	-0.04323	-0.07961	0.00000	0.00095	0.00000	-0.00670	-0.00282	0.00000	-0.00212	0.00194	-0.98143	-0.11493	0.00000	-0.00601	0.00011	-0.05761	0.00000	-0.06070	-0.00124	-0.00343	-0.00738	0.00000	-0.10054
-0.01327	0.00198	0.00005	0.00410	0.00037	0.00010	0.01634	-0.00322	0.02194	0.00013	0.01092	0.00000	0.00022	0.00423	0.00012	0.00804	0.01527	0.01313	-0.02325	-0.00508	0.00512	-0.00717	0.00036	-0.00462	0.00012	0.00021	0.01960	-0.01606	0.00014	-0.00007
0.01104	0.00000	0.00011	0.00000	0.00101	-0.00762	-0.00004	0.00022	-0.00004	0.00024	0.00000	0.00000	0.00000	-0.00001	0.00026	-0.00004	0.00000	0.00000	0.00977	-0.01693	0.00000	-0.00690	0.00019	-0.00827	0.00027	0.00000	0.00000	0.00018	0.00031	0.00962
-0.00302	-0.00920	0.00000	0.00849	-0.10215	0.00000	0.00354	-0.05580	-0.03769	0.00000	0.00499	0.00000	-0.00701	0.00266	0.00000	0.00163	0.00379	0.00699	-0.05680	0.00000	-0.53868	0.00104	-0.03720	0.00000	-0.07796	-0.00065	-0.00003	-0.07193	0.00000	-0.11006
0.00352	0.00018	0.00004	0.00030	0.00476	-0.01718	0.00738	0.00438	0.00811	0.00003	0.00013	0.00000	0.00029	0.00263	0.00290	0.00729	0.00035	0.00004	0.00522	0.00742	0.00007	-0.03773	0.00593	-0.00066	0.00014	0.00027	0.00032	-0.01270	0.00015	0.00261
0.00008	0.00091	-0.01879	0.02054	0.00161	-0.02560	0.00017	0.00006	0.00012	0.00009	0.02292	0.00000	0.00023	0.00019	-0.02130	0.00025	0.01897	0.01796	0.00028	0.00005	0.02954	-0.01035	-0.02345	-0.00245	0.00024	0.00021	0.02296	-0.01646	0.00027	0.00002
0.00071	0.00000	0.00101	0.00000	0.00288	-0.00776	0.00000	0.00247	0.00000	0.00246	0.00000	0.00000	0.00000	0.00000	0.00269	0.00000	0.00000	0.00000	0.00071	0.00257	0.00000	0.00319	0.00200	-0.01653	0.00240	0.00000	0.00000	0.00142	0.00271	0.00044
0.00023	0.00000	0.00044	0.01079	0.00095	-0.06967	0.00985	0.00085	0.01178	0.00083	0.00479	0.00000	0.00000	0.00366	0.00109	0.00120	0.00695	0.01194	0.00023	0.00091	0.00507	0.00173	0.00091	-0.02794	-0.03429	0.00000	0.00166	0.00132	0.00138	0.00015
0.00045	-0.09260	0.00000	0.00380	0.00091	0.00000	-0.06230	0.00000	0.00049	0.00000	0.00791	0.39760	-0.01069	0.00062	0.00000	0.00128	-0.00195	-0.00196	0.00151	0.00000	-0.00076	0.00124	0.00151	0.00000	0.00000	-0.21970	0.00585	-0.08565	0.00000	-0.05611
0.00015	-0.00022	0.00000	0.04845	-0.00445	0.00000	-0.00106	-0.01365	-0.00199	0.00000	0.04346	0.00006	-0.00010	0.00030	0.00000	0.00032	0.03685	0.00001	-0.00851	0.00000	-0.00020	0.00021	-0.01078	0.00000	-0.00337	0.00027	-0.00532	-0.01485	0.00000	-0.00502
0.00195	0.00294	0.00024	0.00499	0.00421	-0.03372	0.00471	0.00046	0.00369	0.00048	0.00206	0.00000	0.00470	0.00424	0.00060	0.00632	0.00583	0.00063	0.00620	0.00047	0.00122	-0.00303	0.00656	-0.01644	0.00068	0.00443	0.00518	-0.00907	0.00076	0.00071
0.04194	0.00000	0.00020	0.00000	0.00046	-0.02386	0.00000	0.00041	0.00000	0.00040	0.00000	0.00000	0.00000	0.00000	0.00050	0.00000	0.00000	0.00000	0.00011	0.00043	0.00000	0.00074	0.00040	-0.01368	0.00053	0.00000	0.00000	0.00052	-0.00490	0.03159
-0.01797	0.03954	0.00013	0.00999	0.00074	0.00026	0.01593	-0.00840	0.00325	-0.00344	0.00555	0.00000	0.03261	0.00291	0.00034	0.00224	0.02720	0.01648	0.00142	-0.01460	0.00699	-0.00356	0.00054	-0.01159	0.00031	0.00658	0.01598	-0.01667	-0.00892	-0.01613
