0.10180	-0.02561	-0.00105	0.00000	0.00000	0.00000	0.00000	0.00000	0.00000	-0.01583	0.00000	-0.00859	-0.02680	0.00000	-0.02196	0.19414	0.00000	-0.00007	0.00000	-0.01869	-0.00392	-0.02699	0.03820	0.00000	0.00133	-0.00014	0.00000	-0.00090	0.00269	-0.02485
0.00524	-0.05092	-0.00351	0.00000	0.00000	0.00000	0.00000	0.00000	0.00000	-0.00065	0.00000	-0.03908	-0.00011	0.00000	-0.01624	0.05551	0.00000	-0.00030	0.00000	-0.01243	-0.02130	-0.00068	0.02109	0.00000	0.01555	-0.00062	0.00000	0.00411	0.02174	-0.06700
-0.00111	0.00381	-0.03105	0.00011	0.00000	-0.00801	-0.01245	0.00000	0.00000	-0.00134	0.00012	-0.00186	0.02905	0.00000	0.03763	-0.00056	-0.01826	0.00122	-0.01700	-0.00932	-0.01598	-0.00497	-0.00087	0.00046	0.00000	0.00050	0.00000	0.00000	0.00000	-0.00182
0.00000	0.00000	0.00013	-0.00578	-0.00010	-0.00204	-0.00013	-0.00042	-0.00167	0.00003	0.01501	0.00019	0.00000	-0.00238	0.00000	0.00000	0.00000	0.00035	0.00000	0.00022	-0.00012	0.00014	0.00000	0.00000	0.00000	0.00017	-0.00149	0.00000	0.00000	0.00014
0.00000	0.00000	0.00000	-0.00026	-0.01763	-0.00192	-0.00072	-0.00094	-0.00029	0.02568	0.00000	0.00005	0.00000	-0.01730	0.00000	0.00000	0.00000	0.00005	0.00002	0.00000	-0.00071	0.02161	0.00000	-0.00018	0.00000	0.00001	-0.00900	0.00000	0.00000	0.00834
0.00000	0.00000	0.00288	0.00005	-0.00005	-0.02466	0.00207	-0.00575	-0.00073	0.00064	-0.00552	0.00361	0.00000	-0.00276	0.00000	0.00000	0.00000	0.00383	0.00000	0.00214	-0.00006	0.00295	0.00000	0.00190	0.00000	0.00305	-0.00077	0.00000	0.00000	0.00287
0.00000	0.00000	0.00494	0.00004	-0.00005	-0.00203	-0.02088	-0.00377	-0.00345	0.00179	-0.00483	0.00664	0.00000	-0.00460	0.00000	0.00000	0.00000	0.00853	0.00001	0.01060	-0.00006	0.00509	0.00000	-0.00863	0.00000	0.00522	-0.00083	0.00000	0.00000	0.00454
0.00000	0.00000	0.00000	-0.00015	-0.00072	-0.00104	0.00040	-0.00533	-0.00033	0.00000	0.00292	0.00132	0.00000	-0.00582	0.00000	0.00000	0.00000	0.00080	0.00001	0.00440	-0.00085	0.00000	0.00000	0.00303	0.00000	0.00312	-0.01036	0.00000	0.00000	0.00001
0.00000	0.00000	0.00000	0.00128	-0.00028	0.00242	-0.00018	-0.00045	-0.01556	0.00000	0.00253	0.00159	0.00000	-0.00817	0.00000	0.00000	0.00000	0.00224	0.00001	0.00155	-0.00034	0.00000	0.00000	0.00262	0.00000	0.00070	-0.00429	0.00000	0.00000	0.00002
0.03051	-0.00002	0.00077	0.00016	-0.00391	-0.01162	-0.01351	0.00001	0.00000	-0.03595	0.00017	-0.00246	-0.00000	-0.00339	0.02020	0.03107	-0.00189	0.00159	0.00000	0.00112	0.00001	-0.00003	-0.00008	0.00067	0.00000	-0.01196	0.00001	0.00000	0.00000	0.00036
0.00000	0.00000	0.00012	0.01111	0.00001	0.00341	0.01349	-0.00262	-0.00751	0.00003	-0.00886	0.01467	0.00000	-0.00298	0.00000	0.00000	0.00000	0.00384	0.00000	0.00365	0.00001	0.00012	0.00000	-0.00034	0.00000	0.00319	0.00001	0.00000	0.00000	0.00012
0.00745	0.00209	0.00769	0.00023	0.00001	-0.00432	-0.00305	-0.00540	-0.00431	0.00921	-0.00245	-0.01214	0.00053	-0.00307	0.00349	0.00984	0.00000	0.00574	0.00000	0.01301	0.00001	0.00925	0.01130	-0.00394	0.00000	0.00961	0.00001	0.00000	0.00000	0.00764
0.08467	-0.00003	-0.01886	0.00000	0.00000	0.00000	0.00000	0.00000	0.00000	-0.00055	0.00000	-0.03296	-0.09586	0.00000	-0.00363	0.07416	0.00000	-0.00025	0.00000	-0.04087	-0.01324	-0.00056	0.00179	0.00000	0.02347	-0.00052	0.00000	0.05547	0.00000	-0.01594
0.00000	0.00000	0.00000	0.00117	0.00252	0.00163	0.00209	0.00146	0.00003	0.00011	0.00004	0.00249	0.00000	-0.02140	0.00000	0.00000	0.00008	0.00245	0.00123	0.00021	0.00222	0.00000	0.00000	0.00164	0.00000	0.00032	0.00087	0.00000	0.00000	0.00252
0.00162	0.01358	-0.01066	0.00000	0.00000	0.00000	0.00000	0.00000	0.00000	-0.00211	0.00000	-0.01741	0.02811	0.00000	-0.05303	0.04094	0.00000	-0.00013	0.00000	-0.02176	-0.02628	-0.01724	0.02820	0.00000	0.00000	-0.00028	0.00000	0.00000	0.00000	-0.00842
-0.05617	-0.00386	-0.00204	0.00000	0.00000	0.00000	0.00000	0.00000	0.00000	-0.01840	0.00000	-0.00182	-0.01689	0.00000	-0.01016	-0.18238	0.00000	-0.00001	0.00000	-0.03282	-0.03036	-0.04202	-0.00370	0.00000	0.25505	-0.00003	0.00000	0.29286	0.00034	-0.00642
0.00000	0.00000	0.02114	0.00003	0.00006	0.00004	0.00005	0.00004	0.00000	0.01177	0.00000	0.00006	0.00000	-0.01938	0.00000	0.00000	-0.00574	0.00006	0.00003	0.00000	0.00005	0.01386	0.00000	0.00004	0.00000	0.00001	0.00005	0.00000	0.00000	0.02051
-0.00117	-0.00033	0.00183	0.00912	0.00038	-0.02304	0.00894	-0.19042	-0.05487	-0.00074	0.00266	-0.05138	-0.00008	-0.12298	-0.00055	-0.00154	0.00001	-0.96468	0.00018	0.03936	0.00034	0.00166	-0.00177	-0.16431	0.00000	0.01759	0.00029	0.00000	0.00000	0.00218
0.00000	0.00000	0.02977	0.00004	0.00008	0.00006	0.00007	0.00005	0.00000	0.00000	0.00000	0.00008	0.00000	-0.02702	0.00000	0.00000	0.00000	0.00008	-0.00861	0.00001	0.00007	0.04097	0.00000	0.00005	0.00000	0.00001	0.00006	0.00000	0.00000	0.00008
0.02377	0.00421	0.01492	0.00016	0.00002	-0.01020	-0.00537	-0.00779	-0.00469	0.00012	-0.00714	-0.00393	0.03648	-0.00754	0.03122	0.00635	0.00000	0.00297	0.00001	-0.01500	0.00002	0.00086	0.01436	-0.01204	0.00000	0.00152	0.00002	0.00000	0.00000	0.00086
0.01562	0.00967	0.01577	-0.00071	-0.00161	-0.00515	-0.00194	-0.00253	-0.00076	0.00000	0.00000	0.00009	0.00721	-0.03331	0.00810	0.01764	0.00000	0.00009	0.00004	0.00001	-0.00381	0.00234	0.01960	-0.00051	0.00000	0.00001	-0.02395	0.00000	0.00000	0.00009
0.02894	-0.00013	-0.00283	0.00011	-0.00746	-0.00778	-0.00060	0.00000	0.00000	-0.00317	0.00011	-0.00452	-0.00009	0.00000	0.04575	0.01793	-0.01333	0.00069	-0.00633	0.00024	-0.01146	-0.01045	0.02493	0.00044	0.00000	-0.00744	0.00000	0.00000	0.00000	-0.00212
-0.04209	-0.00880	-0.00086	0.00000	0.00000	0.00000	0.00000	0.00000	0.00000	-0.00051	0.00000	-0.03071	-0.03427	0.00000	-0.02682	-0.00632	0.00000	-0.00024	0.00000	-0.00450	-0.01706	-0.04411	-0.19221	0.00000	0.20538	-0.00049	0.00000	0.12366	0.18631	-0.04196
0.00000	0.00000	0.00022	0.00156	-0.00033	-0.00234	0.00156	-0.00297	-0.00227	0.00005	0.00066	0.00647	0.00000	-0.00404	0.00000	0.00000	0.00000	0.00519	0.00000	0.00562	-0.00039	0.00023	0.00000	-0.00811	0.00000	0.00118	-0.00474	0.00000	0.00000	0.00023
0.00458	-0.24130	0.00000	0.00000	0.00000	0.00000	0.00000	0.00000	0.00000	0.00000	0.00000	0.00000	-0.01132	0.00000	0.00000	-0.05492	0.00000	0.00000	0.00000	0.00000	0.00000	0.00000	-0.21878	0.00000	-1.02954	0.00000	0.00000	-0.06395	-0.02082	0.00000
-0.00001	-0.00000	0.00406	-0.00012	0.00000	-0.00179	-0.00242	-0.00201	-0.00214	0.02592	-0.00395	-0.00041	-0.00000	-0.00103	-0.00001	-0.00002	0.00000	0.00076	0.00000	0.00077	0.00000	0.01068	-0.00002	-0.00258	0.00000	-0.02113	0.00000	0.00000	0.00000	0.00832
0.00000	0.00000	0.00000	0.00094	0.00212	0.00644	0.00251	0.00320	0.00095	0.00000	0.00000	0.00001	0.00000	0.00114	0.00000	0.00000	0.00000	0.00001	0.00000	0.00000	0.00248	0.00000	0.00000	0.00072	0.00000	0.00000	-0.01868	0.00000	0.00000	0.00001
-0.01442	-0.00619	0.00000	0.00000	0.00000	0.00000	0.00000	0.00000	0.00000	0.00000	0.00000	0.00000	-0.16370	0.00000	0.00000	-0.15736	0.00000	0.00000	0.00000	0.00000	0.00000	0.00000	-0.07868	0.00000	-0.05971	0.00000	0.00000	-0.56065	-0.01403	0.00000
0.00205	-0.08858	0.00000	0.00000	0.00000	0.00000	0.00000	0.00000	0.00000	0.00000	0.00000	0.00000	0.00000	0.00000	0.00000	0.02350	0.00000	0.00000	0.00000	0.00000	0.00000	0.00000	-0.46096	0.00000	-0.09085	0.00000	0.00000	-0.05770	-0.59861	0.00000
0.02552	0.02583	-0.00204	0.00006	-0.00616	-0.00302	-0.00918	0.00003	0.00000	-0.00317	0.00005	-0.01509	0.01314	-0.01405	0.02056	0.00698	-0.01503	0.00058	0.00002	0.00029	0.00004	-0.00261	0.00076	0.00020	0.00000	-0.00778	0.00003	0.00000	0.00000	-0.01674
