-0.35975	0.00000	0.00000	0.00176	0.00000	0.00000	0.00417	0.00484	0.00841	0.00122	0.00000	0.00000	-0.27100	-0.25829	0.00000	0.00000	0.00000	0.00421	0.00391	0.00497	0.00000	0.00445	0.00211	0.00531	0.00046	0.00256	0.00000	0.00466	0.00366	0.00336
0.00000	-0.08631	-0.00000	-0.00001	-0.00329	0.00000	0.00000	-0.00001	0.00000	-0.01172	0.09661	0.00000	0.00000	0.00000	-0.00205	-0.00108	-0.00001	0.00000	-0.00001	0.00000	0.00000	-0.00520	-0.01666	-0.00001	-0.01830	-0.00000	-0.00015	-0.00702	0.00000	0.00000
0.00000	-0.00004	-0.06460	-0.00223	-0.00398	-0.00057	0.00000	-0.04570	0.00000	0.00000	0.14322	0.00000	0.00000	0.00000	-0.00199	0.10939	-0.00052	0.00000	-0.09636	0.00000	0.00000	0.00000	-0.00565	-0.02127	0.00000	-0.01311	-0.00002	-0.03439	-0.04785	0.00000
0.00338	-0.00015	-0.00612	-0.82946	-0.01129	-0.00046	0.00241	0.00219	0.00316	0.00052	-0.00019	0.00000	0.00323	-0.20798	-0.00564	0.00000	-0.00053	-0.07167	0.00044	0.00248	0.00000	0.00358	-0.00895	-0.00119	0.00009	-0.01317	-0.00006	-0.11159	-0.14679	-0.09829
0.00000	0.08415	-0.00060	-0.00058	-0.04167	-0.00031	0.00000	-0.00016	0.00000	-0.00172	0.06043	0.00000	0.00000	0.00000	-0.00055	-0.00022	-0.00045	0.00000	-0.00023	0.00000	0.00000	-0.01267	-0.00736	-0.01180	-0.00386	-0.01565	0.01030	-0.01474	-0.01215	0.00000
0.00000	0.00351	-0.00350	-0.00379	-0.00216	-0.11155	-0.28410	-0.00095	0.00000	0.00000	0.00415	0.00000	0.00000	0.00000	-0.01231	0.00123	-0.05563	0.00000	-0.00152	0.00000	0.00000	-0.33144	-0.00615	-0.02051	0.00000	-0.00885	0.00346	-0.04320	-0.08206	0.00000
0.00187	0.00000	0.00000	0.00051	0.00000	0.05132	-0.02908	0.00209	0.00174	0.00040	0.00000	0.00000	0.00178	-0.11483	0.04078	0.00000	0.16370	0.00187	0.00174	0.00173	0.00000	0.00198	0.00094	0.00185	0.00011	0.00114	0.00000	0.00207	0.00159	-0.03019
0.00003	-0.00000	0.02876	-0.00061	-0.00081	-0.00003	-0.00016	-0.01810	0.00003	-0.00009	-0.00001	0.00000	0.00003	-0.00213	-0.00041	0.00000	0.02495	-0.00230	-0.00016	-0.00027	0.00000	0.00004	-0.00077	-0.00060	-0.00005	0.02630	-0.00000	-0.00384	-0.01080	-0.02088
0.00155	0.00000	0.00000	0.00011	0.00000	0.00000	0.00027	0.00031	-0.02106	0.00008	0.00000	0.00000	-0.04263	-0.01657	0.00000	0.00000	0.08824	0.00027	0.00025	0.00032	0.00000	0.00029	0.00014	0.00034	0.00003	0.00016	0.00000	0.00030	0.00024	0.00022
0.00026	0.00753	0.00000	-0.00019	0.04671	0.00000	-0.00006	0.00023	0.00024	-0.01877	0.00000	0.00000	0.00025	-0.01584	0.00000	0.00000	0.00000	0.00026	0.00024	-0.00020	0.00000	0.00027	0.00013	-0.00021	-0.00007	0.00016	0.01890	0.00029	0.00018	-0.03323
0.00000	-0.04300	-0.04772	-0.00010	-0.00187	0.00003	0.00000	-0.00011	0.00000	0.00000	0.08497	-0.00209	0.00000	0.00000	-0.00572	0.23392	-0.01231	0.00000	-0.00005	0.00000	-0.00024	-0.03997	-0.04646	-0.00009	-0.06182	-0.00002	-0.04699	-0.05474	0.00000	0.00000
0.00000	0.00000	0.00000	0.00000	0.00000	0.00000	0.00000	0.00000	0.00000	0.00000	-0.03722	-0.95966	0.00000	0.00000	0.00000	-0.03889	-0.38201	0.00000	0.00000	0.00000	-0.00758	0.00000	0.00000	0.00000	0.00000	0.00000	0.00000	0.00000	0.00000	0.00000
0.09196	0.00000	0.00000	0.00058	0.00000	0.00000	0.00138	0.00160	0.05089	0.00040	0.00000	0.00000	-0.03418	-0.08544	0.00000	0.00000	0.00000	0.00139	0.00129	0.00164	0.00000	0.00147	0.00070	0.00176	0.00015	0.00085	0.00000	0.00154	0.00121	0.00111
0.00336	0.00000	0.00000	0.00141	0.00000	0.00000	0.00334	0.00388	0.00314	0.00098	0.00000	0.00000	0.00321	-0.02641	0.00000	0.00000	0.00000	0.00337	0.00313	0.00398	0.00000	0.00357	0.00169	0.00426	0.00037	0.00205	0.00000	0.00373	0.00294	0.00269
0.00000	-0.00122	-0.00129	-0.00128	-0.00183	-0.00397	-0.05542	-0.00035	0.00000	0.00000	-0.00339	0.00000	0.00000	0.00000	-0.10665	0.48125	-0.01154	0.00000	-0.00052	0.00000	0.00000	-0.01383	-0.03122	-0.02222	-0.02620	-0.02665	-0.00146	-0.03192	-0.02698	0.00000
0.00000	-0.00337	-0.02675	0.00000	0.00013	0.00021	0.00000	0.00000	0.00000	0.00000	-0.09362	-0.00050	0.00000	0.00000	-0.08709	-0.15804	-0.00289	0.00000	0.00000	-0.04544	-0.00006	-0.07097	-0.06712	0.00000	-0.07670	0.00000	-0.04750	0.00000	0.00000	0.00000
0.00000	-0.00005	-0.00108	-0.00138	-0.00284	-0.00093	-0.00177	-0.06223	-0.06931	0.00000	0.10465	0.18410	0.00000	0.00000	-0.00151	0.10940	-0.16599	0.00000	-0.00056	0.00000	0.02133	0.00000	-0.00217	-0.02812	0.00000	-0.00282	-0.00002	-0.03598	-0.02899	0.00000
0.00037	0.00000	0.00000	0.02113	0.00000	0.00000	0.00037	0.00426	0.00035	0.00011	0.00000	0.00000	0.00036	-0.02292	0.00000	0.00000	0.00000	-0.03520	0.00168	0.00044	0.00000	0.00039	0.00737	0.01370	0.00004	0.01193	0.00000	0.00041	0.00033	0.00030
0.00016	-0.00002	0.03535	0.00024	-0.00023	-0.00003	0.00015	0.00018	0.00015	0.00005	-0.00003	0.00000	0.00015	-0.00955	-0.00011	0.00000	-0.00004	-0.01472	0.00979	0.00018	0.00000	0.00016	0.00889	0.01553	0.00002	0.03538	-0.00001	-0.01669	-0.00263	0.00012
0.00167	0.00000	0.00000	-0.00112	0.00000	0.00000	-0.00030	0.00151	0.00156	-0.00047	0.00000	0.00000	0.00160	-0.10290	0.00000	0.25078	0.00000	0.00168	0.00156	-0.04905	0.00000	0.00177	0.00084	-0.00122	-0.00040	0.00102	0.00000	0.00186	0.00117	-0.20676
0.00000	0.00000	0.00000	0.00000	0.00000	0.00000	0.00000	0.00000	0.00000	0.00000	-0.04950	-0.08703	0.00000	0.00000	0.00000	-0.05171	-0.50802	0.00000	0.00000	0.00000	-0.38257	0.00000	0.00000	0.00000	0.00000	0.00000	0.00000	0.00000	0.00000	0.00000
0.00158	0.02305	0.00000	0.00066	0.02858	0.00623	0.00157	0.00182	0.00148	0.00046	0.02733	0.00000	0.00151	-0.09729	0.02991	0.00798	0.00000	0.00158	0.00147	0.00187	0.00000	-0.04100	0.00079	0.00200	0.00017	0.00096	0.02257	0.00175	0.00138	0.00126
0.00016	0.01993	-0.00355	0.00055	0.00098	-0.00003	0.00016	0.00024	0.00015	0.00005	0.05101	0.00000	0.00015	-0.00961	0.05370	0.01143	-0.00003	-0.02520	-0.04073	0.00018	0.00000	0.00017	-0.04070	-0.00102	0.00002	-0.00321	0.01822	-0.01611	-0.00083	0.00012
0.00029	-0.00001	0.01044	-0.00028	0.03173	0.03631	0.00004	0.00021	0.00027	-0.00004	-0.00002	0.00000	0.00027	-0.01769	0.01620	0.00000	0.04814	-0.00779	-0.01346	-0.00006	0.00000	0.00030	-0.00063	-0.07414	-0.00004	-0.00168	-0.00001	-0.01084	-0.00706	-0.02625
0.00110	0.01212	0.00000	0.00028	0.00854	0.00000	0.00090	0.00123	0.00103	0.00022	0.03469	0.00000	0.00105	-0.06761	0.03020	0.03478	0.00000	0.00110	0.00102	0.00099	0.00000	0.00116	0.00055	0.00106	-0.04419	0.00067	0.02453	0.00122	0.00093	-0.01979
0.00009	-0.00001	-0.00108	0.00013	0.03696	-0.00002	0.00009	-0.00455	0.00009	0.00003	-0.00001	0.00000	0.00009	-0.00582	0.04335	0.00000	0.00000	-0.00747	-0.01225	0.00011	0.00000	0.00010	-0.00026	-0.00028	0.00001	-0.03583	-0.00000	-0.00854	-0.00116	0.00008
0.00000	0.04751	-0.00001	-0.00007	-0.01636	0.00004	0.00000	-0.00007	0.00000	-0.00386	0.12066	0.00000	0.00000	0.00000	-0.00192	0.09585	-0.00006	0.00000	-0.00003	0.00000	0.00000	-0.03296	-0.02333	-0.00006	-0.00693	-0.00001	-0.15339	-0.03559	0.00000	0.00000
0.00068	0.00762	0.00127	0.01152	0.00857	0.00953	0.00067	0.01263	0.00063	0.00020	0.00992	0.00000	0.00065	-0.04165	0.00272	0.00000	0.01063	0.00068	0.00571	0.00080	0.00000	0.00072	0.00108	0.01114	0.00007	0.00269	0.00330	-0.02990	0.00059	0.00054
0.00050	0.00000	0.01080	0.01188	0.01972	0.00049	0.00016	0.00331	0.00047	-0.00002	0.00000	0.00000	0.00048	-0.03089	0.00990	0.00000	0.00059	0.00050	0.00527	0.00005	0.00000	0.00053	0.02011	0.00837	-0.00005	0.02885	0.00000	0.00056	-0.02112	-0.03590
0.00078	0.00000	0.00000	0.01066	0.00000	0.00000	0.01184	0.00328	0.00073	0.00563	0.00000	0.00000	0.00074	-0.04778	0.00000	0.00000	0.00000	0.00078	0.00072	0.01862	0.00000	0.00082	0.00039	0.01988	0.00337	0.00047	0.00000	0.00086	0.00232	-0.00513
