-0.16791	-0.00028	-0.00465	-0.00214	-0.00042	-0.01344	0.00000	0.00000	0.00000	-0.01379	0.00000	0.19572	0.00000	0.00000	0.00000	-0.02713	-0.00468	0.00000	0.00000	0.00000	0.00000	-0.01080	0.16481	-0.01172	-0.00194	-0.00039	0.00000	0.00000	-0.00913	-0.02690
-0.00209	-0.29374	-0.00227	0.00000	-0.10057	0.00272	-0.07748	-0.00031	-0.06013	-0.01285	0.00105	-0.00156	0.00075	0.00136	0.00377	-0.00007	-0.00128	-0.00080	-0.05818	0.00444	0.00007	0.00274	-0.00073	-0.05374	0.00033	-0.00248	0.00291	-0.18829	-0.00041	-0.00289
0.00054	-0.00045	-0.07425	-0.00544	-0.00067	-0.03401	0.00000	0.00000	0.00000	-0.22307	0.00000	-0.00373	0.00000	0.00000	0.00000	-0.06860	-0.01475	0.00000	0.00000	0.00000	0.00000	-0.00042	-0.00012	-0.01878	-0.03060	-0.00062	0.00000	0.00000	-0.14814	-0.18017
-0.07489	0.00000	-0.05380	-0.40529	0.00000	-0.47801	0.00000	0.00000	0.00000	0.00000	0.00000	-0.04504	0.00000	0.00000	0.00000	0.00000	0.00000	0.00000	0.00000	0.00000	0.00000	0.00000	-0.02142	0.00000	0.00000	0.00000	0.00000	0.00000	0.00000	0.00000
-0.00039	0.02909	-0.00042	0.00000	-0.00036	0.00048	-0.01161	0.00007	-0.02899	0.06113	0.00037	-0.00029	0.00011	0.00036	0.00057	0.00013	-0.00098	0.00005	-0.02101	0.00067	0.00001	0.00584	-0.00013	-0.00958	-0.00068	0.06897	0.00044	-0.00371	0.00011	0.01157
0.09412	-0.00023	0.06732	0.09756	-0.00098	-0.08633	-0.02316	-0.00018	-0.00050	-0.00007	0.00046	0.05649	0.00022	-0.00084	0.00113	0.00019	0.00043	-0.06769	0.00000	-0.02059	0.00002	0.00002	0.02687	-0.01960	0.00109	-0.00120	0.00087	-0.01834	-0.00094	-0.00226
0.00000	0.00164	0.00000	0.00000	0.00021	0.00339	-0.04274	0.00047	0.00132	0.00131	0.00230	0.00000	0.00063	0.00215	0.00319	0.00083	0.00370	0.00045	0.00000	0.00375	0.00006	0.00280	0.00000	0.00194	0.00340	0.00224	0.00246	0.00050	0.00163	0.00025
0.00000	0.00396	0.00000	0.00000	-0.00023	0.00955	-0.18990	-0.63184	0.00299	0.00296	0.00564	0.00000	-0.04374	0.00510	0.00925	0.00200	0.01072	-0.00007	0.00000	-0.06136	0.00006	0.00765	0.00000	0.00473	0.00986	0.00572	0.00702	-0.04406	0.00347	0.00066
0.00000	0.00179	0.00000	0.00000	0.00804	0.00016	-0.00733	-0.00046	-0.02585	-0.00002	-0.01520	0.00000	-0.01148	-0.00096	0.00036	-0.00000	0.00041	-0.00802	0.00000	-0.03278	-0.00002	0.02169	0.00000	0.00002	0.00038	0.03846	0.00025	-0.00922	-0.00039	0.00801
0.04268	-0.00204	0.04441	0.00000	-0.01111	0.00001	-0.00607	-0.00012	0.00010	-0.02837	-0.00010	-0.00045	0.00006	-0.00003	0.00030	-0.00012	0.04908	-0.00021	-0.02211	0.00035	0.00001	-0.00173	-0.00021	-0.01578	0.04598	-0.00280	0.00023	-0.03572	-0.00037	-0.00140
0.00000	0.00014	0.00000	0.00000	-0.00037	0.00106	-0.02255	-0.00017	0.17765	0.00000	-0.06822	0.00000	-0.00724	0.01128	0.00110	0.00013	0.00127	-0.00022	0.00000	-0.01327	0.00000	0.00071	0.00000	0.00026	0.00117	0.00036	0.00083	-0.02352	0.00019	0.00005
-0.06340	-0.00026	-0.01346	-0.01861	-0.00038	-0.11567	0.00000	0.00000	0.00000	-0.00010	0.00000	-0.90420	0.00000	0.00000	0.00000	0.00000	-0.00047	0.00000	0.00000	0.00000	0.00000	-0.00024	-0.07075	-0.01079	-0.13752	-0.00035	0.00000	0.00000	-0.00016	-0.00047
0.00000	0.00057	0.00000	0.00000	0.00007	0.00117	-0.02259	0.00917	0.00338	0.00045	0.00157	0.00000	-0.03220	0.00562	0.00110	0.00545	0.00128	0.00975	0.00000	0.00839	0.00425	0.00097	0.00000	0.00783	0.00117	0.00077	0.00469	0.00312	0.00056	0.00009
0.00000	-0.00292	0.00000	0.00000	-0.00355	-0.00319	-0.02054	-0.00317	-0.05276	-0.00324	-0.07425	0.00000	-0.04719	-0.64769	0.00100	-0.00101	0.00116	-0.19359	0.00000	-0.17756	-0.00011	-0.00208	0.00000	-0.00262	0.00107	-0.00550	0.00065	-0.19299	-0.00553	-0.00433
0.00000	0.00016	0.00000	0.00000	0.00002	0.00034	-0.00654	0.00005	0.00013	0.00013	0.00023	0.00000	0.00006	0.00021	-0.00769	0.00008	0.00037	0.00005	0.00000	0.00037	0.00844	0.00028	0.00000	0.00019	0.00034	0.00022	0.00175	0.00005	0.00016	0.00003
0.03548	-0.00033	0.05045	0.00000	-0.00062	0.00045	-0.01206	-0.00047	-0.00009	-0.00043	-0.00014	0.00000	-0.00978	-0.00014	0.00059	-0.02039	0.00068	-0.00054	0.00000	-0.02764	-0.00002	0.00014	0.08641	-0.00024	0.00063	-0.00020	0.00043	-0.03526	-0.00034	-0.00001
0.09971	-0.00120	0.16139	0.00000	-0.00195	0.00042	-0.01093	0.00008	0.00022	-0.01530	0.00038	-0.00039	0.00011	0.00036	0.00053	0.00014	-0.07069	0.00008	-0.03147	0.00063	0.00001	-0.00155	-0.00018	-0.01287	-0.00330	-0.00160	0.00041	0.00008	-0.03396	-0.01774
0.00000	-0.00018	0.00000	0.00000	-0.00037	0.01836	-0.00751	-0.00031	0.01128	-0.00024	-0.00010	0.00000	-0.00198	0.01972	0.00037	-0.00003	0.00042	-0.02012	0.00000	-0.02051	0.00000	0.00518	0.00000	-0.00011	0.00039	0.01587	0.00028	-0.02075	0.01219	0.02269
0.00000	0.01196	0.00000	0.00000	0.01560	0.00000	0.00000	0.00000	0.00000	0.01165	0.00000	0.00000	0.00000	0.00000	0.00000	0.00000	0.01850	0.00000	-0.08431	0.00000	0.00000	0.01773	0.00000	0.00000	0.01895	0.01583	0.00000	0.00000	0.00000	0.00810
0.00000	0.00047	0.00000	0.00000	0.00006	0.00286	-0.01874	0.01405	0.01230	0.00038	0.01082	0.00000	-0.02308	0.01209	0.00091	0.00044	0.00106	0.01271	0.00000	-0.00227	-0.00005	0.00080	0.00000	0.00045	0.00097	0.00064	0.00065	0.01407	0.01497	0.00007
0.00000	0.00022	0.00000	0.00000	0.00003	0.00046	-0.00889	0.00003	0.00017	0.00018	0.00031	0.00000	-0.00645	0.00027	-0.00627	0.00009	0.00050	0.00002	0.00000	0.00048	-0.01329	0.00038	0.00000	0.00023	0.00046	0.00030	0.00108	0.04171	0.00022	0.00003
0.14133	-0.00042	-0.00012	0.00000	-0.00475	0.00011	-0.00839	-0.00002	-0.00693	-0.00069	0.00015	-0.00008	0.00008	-0.00008	0.00041	0.00001	0.00014	-0.01352	-0.00375	0.00048	0.00001	-0.01757	-0.00004	-0.00284	0.00020	0.00039	0.00032	-0.01648	-0.00013	-0.00030
-0.05113	-0.00110	-0.01136	-0.01366	-0.00163	-0.08533	0.00000	0.00000	0.00000	-0.00042	0.00000	0.43560	0.00000	0.00000	0.00000	-0.01086	-0.00202	0.00000	0.00000	0.00000	0.00000	-0.00104	-0.10213	-0.04597	-0.07847	-0.00151	0.00000	0.00000	-0.00068	-0.00200
0.01529	0.00909	0.01662	0.00000	0.01342	0.00473	-0.00772	-0.00008	0.00013	0.00331	0.00007	0.01140	-0.00479	0.00010	0.00038	-0.00004	0.01753	-0.00014	0.00000	0.00042	-0.00001	0.00886	0.00532	-0.06005	0.00251	0.01265	-0.00870	-0.02255	0.00578	0.01693
-0.00256	-0.00143	-0.00271	0.00000	-0.00324	0.00200	-0.04348	0.00031	0.00088	-0.01478	0.00153	0.11116	0.00042	0.00143	0.00212	0.00055	-0.00358	0.00030	-0.05391	0.00249	0.00004	-0.00159	0.08026	-0.02067	-0.04869	-0.00187	0.00163	0.00033	0.00076	-0.00214
-0.00327	0.00029	-0.00355	0.00000	-0.02180	0.00531	-0.12831	0.00078	-0.12968	-0.00131	0.00424	-0.00243	0.00124	0.00372	0.00625	0.00146	0.00276	-0.01563	-0.01462	0.00735	0.00012	0.01587	-0.00114	-0.07973	0.00536	-0.93809	0.00482	-0.02973	0.00152	0.00089
0.00000	0.00012	0.00000	0.00000	0.00002	0.00025	-0.00492	0.00002	0.00010	0.00010	0.00017	0.00000	-0.00183	0.00016	-0.00602	0.00006	0.00028	0.00002	0.00000	0.00027	0.00401	0.00021	0.00000	0.06048	0.00026	0.00017	-0.02581	0.00003	0.00012	0.00002
0.00000	0.01366	0.00000	0.00000	0.01424	0.00309	-0.00679	0.00336	0.00050	0.01449	0.00681	0.00000	-0.00335	0.00483	0.00033	0.00427	0.00038	0.00520	0.00000	-0.01077	-0.00557	0.00834	0.00000	0.01201	0.00035	0.01330	0.00025	-0.02724	0.00622	0.00128
0.01080	0.00002	0.02621	0.00000	-0.00071	0.00023	-0.02219	0.00002	-0.00008	0.00020	0.00066	-0.00060	0.00021	-0.00012	0.00108	0.00027	0.04412	-0.03834	0.00000	-0.00964	0.00002	0.00027	-0.00028	-0.02002	0.00104	-0.00055	0.00083	-0.00261	-0.03923	-0.00164
0.04225	-0.00154	0.00224	0.00000	-0.03031	0.00087	-0.01833	0.00012	-0.00809	-0.00297	0.00063	-0.00010	0.00018	0.00055	0.00089	0.00022	0.04490	-0.00206	-0.01957	0.00105	0.00002	0.00032	-0.00004	-0.00274	-0.00021	-0.00163	0.00069	-0.00213	0.00036	-0.02068
