-0.04236	-0.00000	0.00358	-0.00062	-0.00038	0.01230	-0.00064	0.00047	0.02277	0.00077	0.03716	-0.03540	-0.02258	0.00000	0.00000	0.00035	0.04307	0.00000	-0.00032	0.00070	0.03222	0.00000	0.00017	-0.00045	-0.00004	0.00000	-0.00042	0.00000	-0.01146	0.00048
0.00056	-0.02535	0.00038	-0.00035	-0.00029	0.00052	-0.00049	0.00060	0.02472	0.00008	0.00034	0.00020	-0.01734	0.00000	0.00000	0.00059	0.00071	0.00000	0.00026	0.00060	0.03738	0.04290	0.00014	0.00025	0.00041	0.02309	-0.00032	0.01491	-0.03500	0.00018
-0.02625	0.00023	-0.02197	-0.02734	0.00000	0.20656	0.00000	0.00022	-0.00259	-0.00371	-0.00177	0.00012	0.00000	0.00000	0.00000	-0.04969	0.02226	0.00000	-0.00083	0.00028	-0.00207	-0.00227	-0.00027	-0.00748	-0.00003	-0.00257	0.00000	-0.00269	-0.01216	-0.00553
0.00016	0.00015	0.03735	-0.06816	-0.00050	0.10480	-0.00083	0.00038	0.00000	-0.00006	-0.00027	-0.00001	-0.02941	0.00000	0.00000	0.00031	0.00912	0.00000	-0.00026	0.00020	0.00000	0.00000	-0.00022	-0.00040	0.00005	0.00000	-0.00055	0.00000	-0.02349	-0.00031
-0.00021	-0.00018	0.00000	-0.00057	-0.02024	0.00000	-0.00054	-0.00002	0.00000	-0.00012	0.02376	-0.00015	-0.01909	0.00000	0.00000	-0.00008	0.00000	0.00000	0.00367	-0.00021	0.00000	0.00000	-0.00034	-0.00060	-0.00023	0.00000	-0.00035	0.00000	-0.00058	-0.00045
-0.00698	0.00010	-0.01706	-0.01380	0.00000	-0.04841	0.00000	0.00010	-0.00037	-0.00295	0.00074	0.00005	0.00000	0.00000	0.00000	-0.01251	0.11558	0.00000	-0.00041	-0.00737	0.07443	-0.00056	-0.00043	-0.01389	-0.00019	-0.00093	0.00000	-0.00094	-0.00547	-0.00650
-0.00060	-0.00052	0.00000	-0.00161	-0.00092	0.00000	-0.05182	-0.00006	0.00000	-0.00033	-0.00149	-0.00044	-0.05432	0.07983	0.00000	-0.00023	0.00000	0.00000	-0.00130	-0.00058	0.00000	0.07280	-0.00095	-0.00170	-0.00067	0.05460	-0.00101	0.00000	-0.00164	-0.00128
0.00093	0.00026	0.00048	-0.00154	-0.00099	0.00066	-0.00167	-0.04217	0.00000	0.00113	-0.00059	-0.05237	-0.05889	0.00925	0.13511	0.00093	0.00090	0.15316	-0.00055	0.00139	0.00000	0.00000	0.00015	-0.00084	0.00011	0.00000	-0.00109	0.00000	-0.04466	0.00058
-0.06268	-0.02100	-0.00297	0.00000	0.00000	0.00174	0.00000	0.00000	-1.10323	0.00000	-0.00318	0.00000	0.00000	0.00000	0.00000	-0.09244	-0.00806	0.00000	-0.00719	0.00000	-0.08187	-0.01653	-0.06690	-0.05200	-0.00418	-0.01562	0.00000	-0.02397	0.00000	-0.09443
0.00037	0.00002	0.00038	-0.00021	-0.00013	0.01617	-0.00022	0.00032	0.00000	-0.02663	0.02112	-0.02852	-0.00781	0.00000	0.00000	0.00025	0.00011	0.00000	0.01940	0.00059	0.00000	0.00000	0.00027	-0.00012	0.00002	0.00000	-0.00015	0.00000	-0.00502	0.00057
-0.00484	0.00006	-0.00007	-0.00018	-0.00286	0.00012	-0.00021	0.00011	-0.00024	-0.00950	-0.07508	0.00001	-0.00723	0.11734	0.00000	-0.00236	-0.00054	0.00000	-0.01122	0.00008	-0.00036	-0.00008	-0.00078	-0.00198	-0.00040	-0.00065	-0.00013	-0.00062	-0.00693	-0.00987
0.00526	0.00014	0.00013	-0.00021	-0.00015	0.00018	-0.00025	0.00368	0.00000	0.01008	0.00004	-0.01449	-0.00886	0.00000	0.00000	0.00296	0.00025	0.00000	0.00002	0.00835	0.00000	0.00000	0.00498	0.00000	0.00045	0.00000	-0.00016	0.00000	-0.00651	0.00973
0.00202	0.00176	0.00000	0.00540	0.00307	0.00000	0.00516	0.00019	0.00000	0.00111	0.00498	0.00146	-0.03644	0.00000	0.00000	0.00077	0.00000	0.00000	0.00434	0.00196	0.00000	0.00000	0.00320	0.00569	0.00224	0.00000	0.00338	0.00000	0.00548	0.00430
0.00000	0.00000	0.00000	0.00000	0.00000	0.00000	-0.04275	-0.05878	0.00000	0.00000	-0.05220	0.00000	0.00000	-0.10304	-0.00733	0.00000	0.00000	0.42325	0.00000	0.00000	0.00000	-0.00683	0.00000	0.00000	-0.03095	-0.04854	0.00000	0.00000	0.00000	0.00000
0.00000	0.00000	0.00000	0.00000	0.00000	0.00000	0.00000	-0.09806	0.00000	0.00000	0.00000	0.00000	0.00000	-0.00156	0.31691	0.00000	0.00000	0.10202	0.00000	0.00000	0.00000	0.00000	0.00000	0.00000	-0.04193	0.00000	0.00000	-0.14734	0.00000	0.00000
0.00018	-0.00005	0.01967	-0.00048	-0.00029	0.00554	-0.00048	0.00025	0.01760	0.00039	0.01212	-0.01920	-0.01701	0.00000	0.00000	-0.02060	0.01208	0.00000	0.00495	0.00033	0.01362	0.02006	-0.00167	-0.00039	-0.00107	0.01850	-0.00032	0.01986	-0.00633	-0.02218
-0.06098	0.00034	-0.01033	-0.05909	0.00000	-0.13057	0.00000	0.00032	-0.00688	0.00009	-0.00499	0.00017	0.00000	0.00000	0.00000	-0.13729	-0.99399	0.00000	-0.00230	-0.11871	-0.01539	-0.00627	-0.00052	-0.01743	-0.00012	-0.00676	0.00000	-0.00713	-0.01762	-0.00968
0.00000	0.00000	0.00000	0.00000	0.00000	0.00000	0.00000	-0.21817	0.00000	0.00000	0.00000	0.00000	0.00000	-0.17576	-0.11108	0.00000	0.00000	-0.47785	0.00000	0.00000	0.00000	0.00000	0.00000	0.00000	0.00000	0.00000	0.00000	-0.05618	0.00000	0.00000
0.00011	0.00009	0.00037	0.00001	-0.00657	0.00111	-0.00001	0.00009	0.00012	-0.00037	0.05588	0.00005	-0.00037	0.00000	0.00000	-0.00385	-0.00003	0.00000	-0.02371	0.00011	0.00079	-0.00015	-0.00088	-0.01271	-0.00046	-0.00086	-0.00001	-0.00083	-0.00516	-0.01239
0.00129	0.00092	0.00059	-0.00010	-0.00020	0.01638	-0.00034	0.00113	0.00000	0.00070	0.00095	-0.01975	-0.01184	0.00000	0.00000	0.00113	0.22706	0.00000	0.00078	-0.07178	0.00000	0.00000	0.00074	0.00088	0.00086	0.00000	-0.00022	0.00000	-0.05430	0.00112
-0.03472	-0.02293	0.00047	0.00000	0.00000	-0.01034	0.00000	0.00000	0.12416	0.00000	0.00003	0.00000	0.00000	0.00000	0.00000	-0.00669	-0.00361	0.00000	-0.00133	0.00000	-0.03447	0.06717	-0.00159	-0.02350	-0.00094	0.00404	0.00000	0.06993	0.00000	-0.02116
0.00000	-0.01548	-0.00363	0.00000	0.00000	-0.00104	-0.12830	0.00000	-0.04885	0.00000	-0.00241	0.00000	0.00000	-0.02247	0.00000	-0.07997	-0.00236	0.00000	-0.00122	0.00000	-0.16206	-0.60169	-0.13347	0.00000	0.00000	-0.03311	0.00000	-0.03450	0.00000	0.00000
0.00042	-0.00013	-0.00035	-0.00042	-0.00024	-0.00029	-0.00040	0.00038	0.04492	0.00104	-0.00125	-0.04688	-0.01424	0.00000	0.00000	-0.00129	-0.00113	0.00000	-0.00198	0.00077	-0.00074	0.03783	-0.07891	-0.00043	-0.00124	0.07564	-0.00026	0.05243	-0.00028	-0.02448
0.00025	0.00023	0.00800	-0.00079	-0.00052	0.01522	-0.00088	0.00046	0.00424	-0.00004	0.01667	0.00002	-0.03083	0.00000	0.00000	0.00040	0.00687	0.00000	0.00065	0.00030	0.01539	0.00000	-0.00019	-0.01789	0.00012	0.00000	-0.00057	0.00000	-0.02842	-0.00025
0.00084	0.00053	0.00007	-0.00010	-0.00014	0.00025	-0.00024	0.00073	-0.00016	0.00058	-0.00016	-0.01893	-0.00841	0.08878	0.11216	-0.00051	-0.00024	0.00000	-0.00087	0.00102	-0.00058	0.00000	-0.00100	0.00048	-0.07783	-0.00115	-0.03930	-0.00108	-0.03223	-0.01913
0.00000	-0.02611	-0.00141	0.00000	0.00000	-0.00048	-0.00265	0.00000	-0.00676	0.00000	-0.00119	0.00000	0.00000	0.20529	0.00000	-0.02841	-0.00129	0.00000	-0.00110	0.00000	-0.02355	-0.00440	-0.00771	0.00000	-0.00046	-0.07690	0.00000	-0.00529	0.00000	-0.01031
-0.00044	-0.00038	0.00000	-0.00118	-0.00067	0.00000	-0.00112	-0.00004	0.00000	-0.00024	-0.00108	-0.00032	-0.03955	0.00000	0.00000	-0.00017	0.00000	0.00000	-0.00094	-0.00043	0.00000	0.00000	-0.00070	-0.00124	0.09487	0.00000	-0.03728	0.00000	-0.00119	-0.00093
0.00000	-0.03652	-0.00198	0.00000	0.00000	-0.00084	0.00000	0.00000	-0.01330	0.00000	-0.00221	0.00000	0.00000	0.00000	0.24347	-0.03485	-0.00256	0.09987	-0.00280	0.00000	-0.04689	-0.00760	-0.02461	0.00000	-0.00156	-0.00564	0.00000	-0.04212	0.00000	-0.03530
0.00456	0.00378	0.00221	0.00074	-0.00012	0.00305	-0.00020	0.00378	0.00000	0.00153	0.00455	-0.01858	-0.00697	0.00000	0.00000	0.00399	0.00414	0.00000	0.00377	0.00495	0.00000	0.00000	0.00274	0.00443	0.00359	0.00000	-0.00013	0.00000	-0.04175	0.00378
0.00017	0.00007	0.00375	-0.00035	-0.00023	0.00323	-0.00039	0.00024	0.00209	0.00015	0.00884	-0.00734	-0.01357	0.00000	0.00000	0.01607	0.01191	0.00000	0.01675	0.00024	0.00760	0.00000	0.01948	-0.00018	0.01148	0.01497	-0.00025	0.01403	-0.01106	-0.02264
