-0.02367	-0.02597	0.02956	0.03754	0.00000	0.01879	-0.00158	-0.00122	-0.00097	-0.03553	0.00005	-0.00131	-0.01815	0.03603	0.00844	0.00045	-0.00002	0.00695	0.00000	0.01412	-0.00135	-0.00077	0.02427	-0.00090	0.00007	0.00320	0.00039	0.00049	0.00000	0.00005
0.00808	-0.01855	0.00000	0.00000	0.00000	0.00000	0.00445	0.00780	0.00468	-0.00469	0.00009	0.00778	-0.02292	0.00000	0.00000	0.00075	0.00069	0.00000	0.00000	0.00000	0.00748	0.00697	0.00000	0.00655	0.00100	0.00000	0.00065	0.00081	0.00000	0.00118
-0.21989	0.00000	-0.13144	0.00168	0.00000	0.01018	-0.08551	-0.01793	0.00000	0.00000	-0.00202	-0.00402	0.00000	-0.08573	0.00360	-0.00315	-0.00162	-0.02355	-0.00022	-0.04953	0.00000	-0.00101	0.00733	0.00000	-0.11699	0.00731	-0.16282	-0.00292	0.00365	-0.00071
-0.01445	0.00000	-0.00193	-0.11351	-0.02441	-0.00028	-0.00245	-0.03502	0.00000	0.00000	-0.00024	-0.00021	0.00000	-0.00028	-0.00871	-0.00063	-0.00008	-0.00446	-0.00040	0.23517	-0.00988	-0.00005	-0.00083	0.00000	-0.00597	-0.00092	-0.02092	-0.00082	-0.00009	-0.00056
0.00000	0.00000	0.00146	0.05470	-0.00814	0.00119	-0.02202	-0.02724	-0.02118	0.00000	-0.00018	-0.00891	0.00000	0.00832	0.05628	-0.00133	0.00004	0.03117	-0.01768	0.00044	-0.02768	0.00001	0.05065	-0.00164	-0.00820	-0.00022	-0.00073	-0.01122	-0.00311	-0.02351
-0.04574	0.00000	0.00095	0.00318	-0.10819	-0.45349	-0.02912	-0.05961	0.00000	0.00000	-0.00223	-0.00365	0.00000	-0.00642	-0.01458	-0.00422	-0.00147	0.00004	-0.07667	0.00106	-0.03124	-0.00092	-0.00465	0.00000	-0.10613	-0.00293	-0.00202	-0.00460	-0.05547	-0.00230
-0.00422	-0.06563	0.01278	0.01451	0.00358	0.01527	-0.05361	-0.00408	-0.00255	-0.02112	0.00002	-0.00416	-0.01029	0.00552	0.00309	0.00021	-0.00027	0.01393	0.00502	0.00423	-0.00410	-0.00331	0.00529	-0.00329	-0.00005	0.00017	0.00092	0.00022	0.01422	-0.00037
-0.00087	-0.01370	0.00067	0.00185	0.00345	0.02423	-0.00057	-0.01711	-0.02187	0.00001	0.00257	-0.00124	-0.00125	0.01273	0.01388	0.00894	-0.00011	0.00796	0.02568	0.01983	-0.01208	-0.00077	-0.00084	-0.00071	-0.01437	0.00010	0.01237	0.01283	0.00918	-0.00074
-0.00022	-0.01238	0.00000	0.00000	0.00431	0.00000	-0.00054	0.00649	-0.01744	-0.00318	0.00538	0.00551	-0.01640	0.00465	0.00664	0.00337	0.00619	0.00000	0.00478	0.00000	-0.00053	0.00331	0.00000	-0.00022	0.00060	0.00000	0.00719	0.00143	0.00659	0.00149
0.00598	0.01501	0.00000	0.00000	0.00000	0.00000	0.00768	0.00027	0.00516	-0.04836	0.00003	0.00024	0.01180	0.00000	0.00000	0.00027	0.00006	0.00000	0.00000	0.00000	0.00019	0.00038	0.00000	0.00029	0.00831	0.00000	0.00024	0.00029	0.00000	0.00014
0.00115	0.00101	-0.00275	-0.00423	-0.00005	-0.00337	0.00008	-0.03859	-0.04901	0.00023	-0.42047	-0.00209	-0.02730	-0.00434	-0.00312	-0.10275	-0.00073	-0.00373	0.00509	-0.00044	-0.09948	-0.01656	-0.00921	-0.06879	-0.08938	-0.00270	-0.00383	-0.01539	0.00004	-0.00535
-0.00002	-0.00888	-0.00026	-0.00001	0.04614	-0.00026	-0.00035	-0.00014	-0.02364	0.00012	0.00005	-0.00421	-0.01456	-0.00003	0.00014	0.00026	0.00009	-0.00011	0.00911	-0.00003	-0.00033	0.00007	-0.00022	-0.00008	-0.00795	-0.00025	0.00046	0.00026	0.02565	0.00013
0.00367	-0.00554	0.00000	0.00000	0.00000	0.00000	-0.00022	0.00237	0.00201	-0.00744	0.00035	0.00196	-0.02532	0.00000	0.00000	0.00298	0.00062	0.00000	0.00000	0.00000	0.00144	0.00368	0.00000	0.00262	0.00416	0.00000	0.00258	0.00321	0.00000	0.00151
-0.00390	0.00000	0.01979	-0.00066	-0.01803	-0.00331	-0.00534	-0.03937	-0.03624	0.00000	-0.00005	0.00013	0.00000	-0.01888	-0.02083	-0.00071	0.00021	-0.00111	-0.02871	0.16574	-0.01607	0.00011	-0.00284	0.00000	-0.00365	0.07955	-0.00034	-0.00110	-0.01185	-0.00082
-0.03551	0.00000	0.00242	0.04071	-0.01303	0.06497	-0.02377	-0.01137	-0.00448	0.00000	-0.00055	-0.00101	0.00000	0.08097	-0.00415	-0.00098	-0.00039	0.06179	-0.02233	0.00117	-0.00414	-0.00024	0.07754	0.00000	-0.03018	-0.00072	-0.00030	-0.00101	-0.00296	-0.00039
0.00017	0.00015	-0.00060	-0.00116	-0.00136	-0.00088	0.00001	-0.03346	-0.01202	0.00004	0.07002	-0.00048	-0.00416	-0.00116	-0.00091	-0.00371	-0.00016	-0.00099	-0.00097	-0.00020	-0.02728	-0.01824	-0.00239	0.00012	-0.01933	-0.00058	-0.00359	0.07281	-0.00071	-0.00149
0.00015	-0.00642	-0.00069	-0.00003	-0.00030	-0.00068	-0.00025	-0.00027	-0.01248	0.00012	-0.00026	-0.00080	-0.01466	-0.00036	-0.00002	-0.00015	-0.04059	-0.00028	-0.00046	-0.00008	-0.00017	0.00005	-0.00057	0.00006	-0.02201	-0.00067	0.08685	-0.00010	-0.00063	0.00005
-0.16337	0.00000	0.00830	0.00117	-0.07660	-0.00229	-0.06958	-0.12789	0.00000	0.00000	-0.00297	-0.00218	0.00000	-0.00747	-0.17360	-0.00809	-0.00088	-0.20369	-0.00225	0.00391	-0.15102	-0.00055	-0.01598	0.00000	-0.06344	-0.00173	-0.02145	-0.01074	0.00316	-0.00838
0.00000	0.00000	0.00034	-0.00031	0.04327	0.07736	-0.00596	-0.00463	-0.01531	0.00000	0.00007	-0.03636	0.00000	0.07151	0.00591	-0.00090	0.00005	-0.00007	-0.02954	0.00013	-0.02044	0.00002	0.01742	-0.00283	-0.00421	-0.00012	-0.00049	-0.00110	0.00007	-0.02539
-0.09885	0.00000	0.15625	-0.04907	0.00020	0.00459	-0.03416	-0.04750	0.00000	0.00000	-0.00058	-0.00111	0.00000	-0.08222	0.00153	-0.00095	-0.00045	0.00142	0.00004	-0.15235	0.00000	-0.00028	0.00367	0.00000	-0.03219	0.11165	-0.01046	-0.00092	0.00185	-0.00019
-0.00189	-0.04175	0.00000	0.01258	0.01221	0.00146	-0.00171	0.02193	-0.00113	0.00018	0.00376	-0.00230	-0.02286	0.00867	0.00914	0.01319	-0.00007	0.00786	0.00465	0.00000	-0.03169	-0.00148	0.02132	-0.00165	0.00089	0.00000	0.01042	0.01871	0.00129	0.01633
0.00127	-0.00577	-0.00013	-0.00001	-0.00005	-0.00012	-0.00019	0.00067	-0.00185	0.00036	0.03037	0.00042	-0.04180	-0.00006	-0.00000	0.00598	0.00019	-0.00005	-0.00008	-0.00001	0.00034	-0.01636	-0.00010	0.00085	-0.00241	-0.00012	0.05131	0.05637	-0.00011	0.00056
-0.10909	0.00000	0.00844	0.00205	-0.03705	-0.00200	-0.05276	-0.07184	0.00000	0.00000	-0.00137	-0.00024	0.00000	-0.00606	-0.12992	-0.00445	-0.00010	-0.00409	-0.00637	0.00325	-0.10128	-0.00006	-1.06966	0.00000	-0.00706	0.00033	-0.00325	-0.00629	-0.05839	-0.00541
0.00050	-0.01198	0.00000	0.00000	0.01003	0.00000	-0.00046	0.00006	0.00026	0.00028	0.01453	-0.00008	-0.03285	0.00000	0.00000	0.00093	0.00014	0.00000	0.01686	0.00000	-0.00022	0.00058	0.00000	-0.01731	0.00134	0.00000	0.00417	0.01025	0.00594	0.00039
0.00196	0.00135	0.01199	0.00054	0.00627	0.01196	-0.00014	0.00712	0.00103	-0.01757	0.00696	0.01485	-0.05233	0.00746	0.00195	0.01203	0.00580	0.00490	0.00931	0.00139	0.00101	0.00549	0.00997	0.00155	-0.02179	0.01177	0.00502	0.01131	0.01265	0.00317
-0.06559	0.00000	0.00581	-0.00912	-0.00128	0.00031	-0.02461	-0.07136	0.00000	0.00000	-0.00195	-0.00382	0.00000	-0.11076	0.00049	-0.00311	-0.00154	-0.02521	-0.00224	-0.07043	0.00000	-0.00096	0.00023	0.00000	-0.11128	-0.80089	-0.13721	-0.00293	-0.00156	-0.00067
0.00147	0.00129	0.08599	0.07366	0.00174	-0.00037	-0.00056	-0.02676	-0.01409	0.00030	0.00127	0.00073	-0.03506	-0.00065	-0.00057	-0.00035	-0.03120	0.13442	0.00381	0.01913	-0.01901	-0.02449	-0.00152	-0.03375	-0.00548	0.02722	-0.08051	-0.00204	0.00133	-0.00053
0.00025	0.00022	-0.00007	-0.00008	0.04055	-0.00012	0.00002	-0.00856	-0.00856	0.00005	-0.00084	0.00013	-0.00584	-0.00007	-0.00002	-0.00498	0.00007	-0.00009	0.00036	-0.00004	-0.00170	-0.00833	-0.00018	-0.00337	-0.00185	-0.00006	-0.00104	-0.02682	0.05293	-0.00001
0.00000	0.00000	0.00080	0.00054	-0.00102	0.11567	-0.01517	-0.00775	-0.02596	0.00000	0.00190	-0.00903	0.00000	0.06580	0.02759	-0.00105	0.00001	0.00063	-0.00497	0.00032	-0.01922	-0.00001	0.01052	-0.02067	-0.01271	-0.00036	0.00003	-0.01615	-0.09627	-0.02174
0.00050	-0.00198	-0.00047	-0.00051	0.01158	-0.00052	-0.00006	-0.00087	-0.00070	0.00014	-0.00035	-0.00030	-0.01610	-0.00063	-0.00043	-0.00044	-0.00012	-0.00050	0.02851	-0.00005	-0.01188	0.00037	-0.00122	0.00034	-0.01480	-0.00046	-0.00013	-0.00059	0.05685	-0.03936
