-0.06930	0.00137	0.02674	0.00121	0.00043	0.05024	0.00095	0.00094	0.04836	0.00114	0.02687	-0.01822	-0.01944	0.00000	0.00000	0.00284	0.03731	0.00000	0.00184	0.00210	0.00676	0.00000	0.00201	0.00118	0.00235	0.00000	0.00004	0.00000	-0.02192	0.00159
0.00264	-0.06813	0.00059	0.00203	0.00079	0.00029	0.00176	0.00112	0.00715	0.00052	0.00037	0.00058	-0.03602	0.00000	0.00000	0.00276	0.00040	0.00000	0.00271	0.00298	0.08078	0.06606	0.00253	0.00171	0.00169	0.00853	0.00008	0.03486	-0.02599	0.00222
-0.03069	0.00077	-0.08152	-0.00542	0.00000	0.06690	0.00000	0.00019	-0.00796	-0.00521	-0.00585	0.00030	0.00000	0.00000	0.00000	-0.00294	0.07680	0.00000	-0.00294	0.00083	-0.00383	-0.00001	0.00155	-0.03170	0.00121	0.00123	0.00000	0.00090	-0.01731	-0.03186
0.00339	0.00268	0.03132	-0.07531	0.00068	0.02635	0.00151	0.00123	0.00000	0.00071	0.00058	0.00093	-0.03092	0.00000	0.00000	0.00343	0.01867	0.00000	0.00344	0.00374	0.00000	0.00000	0.00311	0.00224	0.00267	0.00000	0.00007	0.00000	-0.04706	0.00260
0.00074	0.00034	0.00000	0.00087	-0.01966	0.00000	0.00091	0.00043	0.00000	0.00012	0.00469	0.00006	-0.01862	0.00000	0.00000	0.00083	0.00000	0.00000	0.03654	0.00088	0.00000	0.00000	0.00079	0.00045	0.00019	0.00000	0.00004	0.00000	0.00037	0.00076
-0.00926	0.00016	-0.00216	-0.00645	0.00000	-0.07522	0.00000	0.00004	-0.00237	-0.00580	-0.00232	0.00006	0.00000	0.00000	0.00000	-0.01474	0.08038	0.00000	-0.00127	-0.00706	0.11420	-0.00002	0.00025	-0.00632	0.00022	0.00013	0.00000	0.00009	-0.00366	-0.00399
0.00329	0.00152	0.00000	0.00385	0.00183	0.00000	-0.02956	0.00190	0.00000	0.00054	0.00020	0.00028	-0.08289	0.10147	0.00000	0.00370	0.00000	0.00000	0.00347	0.00393	0.00000	0.10328	0.00350	0.00202	0.00086	0.02286	0.00019	0.00000	0.00165	0.00336
0.00576	0.00308	0.00138	0.00158	0.00035	0.00067	0.00079	-0.09766	0.00000	0.00374	0.00071	-0.07066	-0.01606	0.01825	0.05966	0.00722	0.00095	0.10133	0.00350	0.00411	0.00000	0.00000	0.00432	0.00235	0.00719	0.00000	0.00004	0.00000	-0.06066	0.00302
-0.01151	-0.02229	-0.00310	0.00000	0.00000	-0.01607	0.00000	0.00000	-0.65297	0.00000	-0.00733	0.00000	0.00000	0.00000	0.00000	-0.12606	-0.00283	0.00000	-0.01297	0.00000	-0.17101	0.01104	-0.08264	-0.13816	0.00158	0.01544	0.00000	0.02004	0.00000	-0.14506
0.00136	0.00066	0.00097	0.00059	0.00021	0.01204	0.00047	0.00054	0.00000	-0.02840	0.02794	-0.01495	-0.00952	0.00000	0.00000	0.00170	0.00017	0.00000	0.02813	0.00105	0.00000	0.00000	0.00109	0.00058	0.00147	0.00000	0.00002	0.00000	-0.01046	0.00082
-0.00315	0.00051	-0.00034	0.00048	-0.00658	-0.00186	0.00039	0.00027	-0.00102	-0.00595	-0.04980	0.00017	-0.00791	0.17396	0.00000	0.00049	-0.00053	0.00000	-0.00192	0.00077	-0.00070	-0.00000	0.00089	-0.00669	0.00059	0.00034	0.00002	0.00025	-0.00810	-0.00833
0.00831	0.00090	0.00037	0.00062	0.00019	0.00018	0.00042	0.00339	0.00000	0.00966	0.00020	-0.03484	-0.00863	0.00000	0.00000	0.01317	0.00025	0.00000	0.00111	0.00228	0.00000	0.00000	0.00502	0.00073	0.01337	0.00000	0.00002	0.00000	-0.01038	0.00271
0.00251	0.00116	0.00000	0.00294	0.00140	0.00000	0.00309	0.00145	0.00000	0.00042	0.00016	0.00022	-0.02847	0.00000	0.00000	0.00283	0.00000	0.00000	0.00265	0.00300	0.00000	0.00000	0.00267	0.00154	0.00066	0.00000	0.00015	0.00000	0.00126	0.00257
0.00000	0.00000	0.00000	0.00000	0.00000	0.00000	-0.06696	-0.04029	0.00000	0.00000	-0.03558	0.00000	0.00000	-0.08357	0.01301	0.00000	0.00000	0.58693	0.00000	0.00000	0.00000	-0.01796	0.00000	0.00000	-0.05631	-0.03138	0.00000	0.00000	0.00000	0.00000
0.00000	0.00000	0.00000	0.00000	0.00000	0.00000	0.00000	-0.08516	0.00000	0.00000	0.00000	0.00000	0.00000	0.01196	-0.19683	0.00000	0.00000	0.45430	0.00000	0.00000	0.00000	0.00000	0.00000	0.00000	-0.03802	0.00000	0.00000	-0.17747	0.00000	0.00000
0.00101	0.00035	0.00811	0.00064	0.00029	0.00289	0.00064	0.00048	0.01442	0.00060	0.01666	-0.01177	-0.01313	0.00000	0.00000	-0.02444	0.00965	0.00000	0.01449	0.00079	0.01331	0.01178	0.00129	0.00040	0.00108	0.01352	0.00003	0.01473	-0.00185	-0.01506
-0.06855	0.00026	-0.07379	-0.03099	0.00000	-0.06637	0.00000	0.00006	-0.01874	0.00006	-0.01377	0.00010	0.00000	0.00000	0.00000	-0.01090	-0.53024	0.00000	-0.00800	-0.04624	-0.02072	-0.00002	0.00086	-0.08216	0.00054	0.00085	0.00000	0.00062	-0.00592	-0.02259
0.00000	0.00000	0.00000	0.00000	0.00000	0.00000	0.00000	-0.12699	0.00000	0.00000	0.00000	0.00000	0.00000	-0.04514	-0.18478	0.00000	0.00000	-1.06622	0.00000	0.00000	0.00000	0.00000	0.00000	0.00000	0.00000	0.00000	0.00000	-0.19666	0.00000	0.00000
0.00037	0.00023	0.00004	0.00033	-0.00560	-0.00049	0.00031	0.00017	-0.00008	-0.00275	0.08448	0.00007	-0.00630	0.00000	0.00000	-0.00063	0.00004	0.00000	-0.02259	0.00042	-0.00029	-0.00000	0.00049	-0.00340	0.00024	0.00017	0.00001	0.00013	-0.00246	-0.00429
0.00375	0.00168	0.00075	0.00088	0.00021	0.05556	0.00045	0.00135	0.00000	0.00283	0.00039	-0.05752	-0.00929	0.00000	0.00000	0.00496	0.11721	0.00000	0.00193	-0.03434	0.00000	0.00000	0.00271	0.00129	0.00496	0.00000	0.00002	0.00000	-0.03246	0.00182
-0.01500	-0.01480	-0.00204	0.00000	0.00000	-0.01877	0.00000	0.00000	0.05192	0.00000	-0.00224	0.00000	0.00000	0.00000	0.00000	-0.01750	-0.00429	0.00000	-0.00063	0.00000	-0.02030	0.04305	0.00011	-0.00622	0.00004	0.02687	0.00000	0.01388	0.00000	-0.00393
0.00000	-0.05273	-0.00023	0.00000	0.00000	-0.00009	-0.20519	0.00000	0.01246	0.00000	-0.00049	0.00000	0.00000	-0.05405	0.00000	-0.21878	-0.00028	0.00000	-0.00042	0.00000	-0.08081	-0.45894	-0.15608	0.00000	0.00000	-0.00332	0.00000	0.02278	0.00000	0.00000
0.00311	0.00163	0.00191	0.00175	0.00068	0.00032	0.00151	0.00130	0.02435	0.00150	0.00140	-0.02458	-0.03087	0.00000	0.00000	0.00389	0.00148	0.00000	0.00275	0.00273	0.00101	0.02247	-0.06845	0.00150	0.00327	0.02404	0.00007	0.08063	-0.02272	-0.03437
0.00196	0.00101	0.01376	0.00211	0.00098	0.02632	0.00216	0.00106	0.01127	0.00034	0.01924	0.00023	-0.04418	0.00000	0.00000	0.00217	0.00999	0.00000	0.02957	0.00231	0.03082	0.00000	0.00204	-0.03721	0.00068	0.00000	0.00010	0.00000	-0.00365	0.00192
0.00200	0.00118	0.00157	0.00086	0.00027	0.00028	0.00061	0.00074	0.00050	0.00101	0.00111	-0.01649	-0.01240	0.08229	0.04793	0.00249	0.00122	0.00000	0.00179	0.00170	0.00080	0.00000	0.00244	0.00097	-0.01586	0.00110	-0.00881	0.00081	-0.02089	-0.02767
0.00000	-0.00073	0.00080	0.00000	0.00000	0.00003	-0.02109	0.00000	0.00189	0.00000	0.00060	0.00000	0.00000	0.22346	0.00000	-0.01274	0.00064	0.00000	0.00020	0.00000	-0.01013	-0.00444	-0.01223	0.00000	0.00023	-0.06960	0.00000	0.00292	0.00000	-0.02147
0.00205	0.00095	0.00000	0.00240	0.00114	0.00000	0.00252	0.00118	0.00000	0.00034	0.00013	0.00018	-0.05164	0.00000	0.00000	0.00231	0.00000	0.00000	0.00216	0.00245	0.00000	0.00000	0.00218	0.00126	0.08019	0.00000	-0.00868	0.00000	0.00103	0.00210
0.00000	-0.02448	0.00153	0.00000	0.00000	0.00006	0.00000	0.00000	0.00748	0.00000	0.00113	0.00000	0.00000	0.00000	0.21576	-0.03398	0.00122	0.20145	0.00036	0.00000	-0.06510	0.00204	-0.03856	0.00000	0.00045	0.00545	0.00000	-0.02644	0.00000	-0.04120
0.00606	0.00526	0.00249	0.00212	0.00030	0.00121	0.00065	0.00170	0.00000	0.00182	0.00123	-0.01057	-0.01337	0.00000	0.00000	0.00613	0.00171	0.00000	0.00565	0.00611	0.00000	0.00000	0.00507	0.00385	0.00641	0.00000	0.00003	0.00000	-0.04205	0.00384
0.00166	0.00077	0.01087	0.00116	0.00050	0.00060	0.00112	0.00078	0.00485	0.00076	0.00840	-0.01241	-0.02284	0.00000	0.00000	0.00317	0.00876	0.00000	0.00420	0.00152	0.00776	0.00000	0.00932	0.00080	0.00439	0.01073	0.00005	0.00790	-0.00705	-0.04539
