-0.05292	0.00276	0.00569	0.00000	0.00061	0.00000	0.00000	0.00000	0.08387	-0.00732	0.00000	0.00000	0.00000	0.00000	0.00000	0.00000	0.00000	0.00537	0.00000	0.00000	0.00000	0.00000	0.00000	-0.01106	0.00000	0.00000	-0.04550	0.00000	0.07513	0.01025
0.00292	-0.00523	0.00441	0.02578	0.00032	0.00000	0.00000	0.00000	0.00000	-0.02769	0.00441	0.00932	0.00000	0.02730	0.00000	0.02829	0.00000	0.00448	0.00000	0.00000	0.00000	0.00000	0.00000	0.00000	0.00000	0.00442	-0.03776	0.01572	0.00000	0.00860
0.00566	0.00325	0.09603	0.00000	0.12389	0.00000	0.00000	0.00000	0.00000	-0.04918	0.00000	0.00000	0.00000	0.00000	0.00000	0.00000	0.00000	0.00649	0.00000	0.00000	0.00000	0.00000	0.00000	-0.03680	0.00000	0.00000	-0.05136	0.00000	0.00000	0.01175
0.00000	-0.03867	0.00000	-0.08206	0.00000	0.00000	-0.00102	0.00000	-0.00004	0.00000	-0.02020	0.00111	-0.00048	0.00371	-0.03604	0.00547	0.55980	-0.01684	-0.00066	0.00000	0.00084	-0.04424	-0.00196	0.00000	-0.00054	-0.03857	0.00000	0.00300	0.00011	-0.00142
0.00291	0.00085	-0.04930	0.00000	-0.15815	-0.09530	0.00000	0.00000	0.00000	-0.02956	0.00000	0.46733	0.00000	0.00000	0.00000	0.00000	0.00000	0.00196	0.00000	0.00107	0.00000	0.00000	0.00000	-0.04181	0.00000	0.00000	-0.01244	0.00000	0.00000	0.00292
0.00000	0.00000	0.00000	0.00000	0.04456	-0.02010	0.00000	0.00000	0.00000	0.00000	0.00000	0.00000	0.00000	0.00000	0.00000	0.00000	0.00000	0.00000	0.00000	0.00963	0.00000	0.00000	0.00000	0.00000	0.00000	0.00000	0.00000	0.00000	0.00000	0.00000
0.00000	0.00000	0.00000	-0.00161	0.00000	0.00000	0.47842	0.00000	-0.03110	0.00000	-0.06869	-0.00078	-0.00085	0.00000	0.00000	0.00000	0.00020	0.00000	0.15295	0.00000	-0.08026	0.00000	0.00000	0.00000	-0.00166	-0.07216	0.00000	-0.04124	0.00049	0.00000
0.00000	0.00000	0.00000	0.00000	0.00000	0.00000	0.00000	-0.24311	0.00000	0.00000	0.00000	0.27509	0.00000	0.00000	0.00000	0.00000	0.00000	0.00000	0.00000	0.00000	0.00000	0.00000	0.00000	0.00000	0.00000	0.00000	0.00000	0.00000	0.00000	0.00000
-0.00099	0.00000	0.00000	-0.00127	0.00000	0.00000	0.02818	0.00000	-0.10715	0.00000	-0.02517	-0.00100	-0.00038	-0.00041	0.00009	-0.03143	0.00007	0.00000	0.02992	0.00000	0.05462	-0.00601	0.00000	0.00000	-0.00060	-0.03135	0.00000	-0.00034	0.06186	-0.00715
0.01239	0.00924	0.00903	0.00000	0.00863	0.00000	0.00000	0.00000	0.00000	-0.05722	0.00000	0.00000	0.00000	0.00000	0.00000	0.00000	0.00000	0.01361	0.00000	0.00000	0.00000	0.00000	0.00000	0.00000	0.00000	0.00000	0.00000	0.00000	0.00000	0.01162
0.00000	-0.04902	0.00000	0.01087	0.00000	0.00000	0.01239	0.00000	0.01565	0.00000	-0.03450	0.02454	0.00324	-0.00075	-0.02832	0.00272	0.00621	-0.01289	0.01897	0.00000	0.01134	-0.00093	0.00000	0.00000	0.01244	0.00018	0.00000	0.01194	0.03271	-0.04076
0.00000	-0.10468	0.00000	-0.01139	-0.02102	0.00000	-0.00217	-0.08295	-0.01045	0.00000	-0.15451	-0.70438	-0.00113	-0.02724	-0.06699	0.00466	0.00044	-0.00552	-0.00095	0.00000	0.00208	-0.08753	0.00000	0.00000	-0.00090	-0.10167	0.00000	-0.00504	0.00156	-0.13765
0.00000	0.00000	0.00000	-0.00056	0.00000	0.00000	-0.00065	0.00000	-0.00005	0.00000	-0.06499	0.00004	-0.00382	0.00000	0.00000	0.00000	0.00019	0.00000	-0.00019	0.00000	0.00017	0.00000	0.00000	0.00000	0.09639	-0.03442	0.00000	0.00040	0.00070	0.00000
0.00000	-0.00581	0.00000	-0.00208	0.00000	0.00000	0.00000	0.00000	-0.00287	0.00000	-0.00100	0.50741	0.00000	-0.18088	-0.00391	0.00035	0.00000	-0.02833	0.00000	0.00000	0.00166	-0.08103	0.00000	0.00000	0.00000	0.00135	0.00000	-0.00176	0.00012	-0.04875
0.00000	0.00000	0.00000	0.00583	0.00000	0.00000	0.00000	0.00000	0.00064	0.00000	0.01884	0.00698	0.00000	0.01371	-0.01752	0.02419	0.00000	-0.01434	0.00000	-0.00878	0.00102	-0.05043	0.00000	0.00000	0.00000	-0.00029	0.00000	0.01024	0.00008	0.00000
0.00000	-0.01476	0.00000	-0.00191	0.00000	0.00000	0.00000	0.00000	0.03466	0.00000	-0.00010	-0.00189	0.00000	-0.00050	-0.01950	-0.00997	0.00000	-0.00401	0.00000	0.00000	0.01703	-0.00952	0.00000	0.00000	0.00000	0.00016	0.00000	-0.00090	0.05008	-0.02943
0.00000	0.00000	0.00000	-0.04071	0.00000	0.00000	0.00214	0.00000	0.00327	0.00000	-0.36836	0.00472	0.00056	0.00000	0.00000	0.00000	-0.67820	0.00000	0.00328	0.00000	0.00196	0.00000	0.00000	0.00000	-0.23132	0.00000	0.00000	0.00224	0.00566	0.00000
0.00259	0.00180	0.00372	0.01032	0.00045	0.00000	0.00000	0.00000	0.00000	-0.01457	0.01301	0.00121	0.00000	0.01194	0.01017	0.01159	0.00000	-0.04727	0.00000	0.00000	0.00000	0.00388	0.00000	-0.00808	0.00000	0.00599	-0.02920	0.01390	0.00000	0.00662
0.00000	0.00000	0.00000	-0.00617	0.00000	0.00000	-0.27184	0.00000	-0.05889	0.00000	-0.01004	-0.00491	-0.00289	0.00000	0.00000	0.00000	0.00003	0.00000	-0.54858	0.00000	-0.15265	0.00000	0.00000	0.00000	-0.00528	-0.21935	0.00000	-0.10851	-0.00171	0.00000
0.00000	0.00000	0.00000	0.00000	0.00151	-0.02912	0.00000	0.00000	0.00000	0.00000	0.00000	0.00000	0.00000	0.00000	0.01310	0.00000	0.00000	0.00000	0.00000	-0.02682	0.00000	0.01813	0.00000	0.00000	0.00000	0.03005	0.00000	0.00000	0.00000	0.00000
0.00000	0.00000	0.00000	-0.00069	0.00000	0.00000	0.04685	0.00000	-0.00137	0.00000	-0.03328	-0.00031	-0.00039	0.00007	0.00005	-0.03510	0.00010	0.00000	0.01552	0.00000	-0.03468	-0.00356	0.00000	0.00000	0.06453	-0.03362	0.00000	0.00022	0.04405	0.00000
0.00000	0.00000	0.00000	0.01367	0.00000	0.00000	0.00000	0.00000	0.01057	0.00000	0.01400	0.00865	0.00000	0.01583	0.01053	0.00279	0.00000	-0.01177	0.00000	-0.03181	0.01680	-0.02996	0.00000	0.00000	0.00000	0.00526	0.00000	0.00404	0.00126	0.00000
0.00000	0.00000	0.00000	0.07638	0.00000	0.00000	0.00000	0.00000	0.00000	0.00000	0.00000	0.00000	0.00000	0.00000	0.00000	0.00000	0.00000	0.00000	0.00000	0.00000	0.00000	0.00000	-0.06918	0.00000	0.00000	0.00000	0.00000	0.02315	0.00000	0.00000
0.02630	0.00000	0.02449	0.00000	0.01633	0.00000	0.00000	0.00000	0.00000	0.00000	0.00000	0.00000	0.00000	0.00000	0.00000	0.00000	0.00000	0.00531	0.00000	0.00000	0.00000	0.00000	0.00000	-0.04064	0.00000	0.00000	0.00000	0.00000	0.00000	0.00000
0.00000	0.00000	0.00000	-0.00071	0.00000	0.00000	-0.00110	0.00000	-0.00021	0.00000	-0.07686	0.00001	-0.02034	0.00000	0.00000	0.00000	0.52558	0.00000	-0.00036	0.00000	-0.03915	0.00000	0.00000	0.00000	-0.14145	-0.04240	0.00000	0.00047	0.00048	0.00000
0.00000	-0.03258	0.00000	0.03529	0.00000	0.00000	0.03574	0.00000	0.02239	0.00000	0.00149	0.02803	0.01589	0.00136	0.00078	0.00065	0.00000	-0.02217	0.02699	-0.00908	0.00686	-0.04364	0.00000	0.00000	0.02092	-0.03303	0.00000	0.00095	0.01062	0.00000
0.00413	0.00334	0.00637	0.00000	0.00034	0.00000	0.00000	0.00000	0.00000	0.00000	0.00000	0.00000	0.00000	0.00000	0.00000	0.00000	0.00000	0.00641	0.00000	0.00000	0.00000	0.00000	0.00000	0.00000	0.00000	0.00000	-0.03971	0.00000	0.00000	0.01252
0.00000	-0.03479	0.00000	0.00702	0.00000	0.00000	0.02935	0.00000	-0.00067	0.00000	-0.01186	0.00059	0.00002	0.00286	-0.03820	0.00548	0.00005	-0.02257	0.18170	0.00000	0.00077	-0.03365	-0.01894	0.00000	0.00009	0.00072	0.00000	-0.11914	0.00030	-0.01555
-0.02783	0.00000	0.00000	0.00027	0.00000	0.00000	-0.00003	0.00000	-0.01606	0.00000	-0.05077	0.00059	0.00000	0.00013	0.00010	-0.01578	0.00015	0.00000	0.00031	0.00000	0.29305	-0.00678	0.00000	0.00000	-0.00008	-0.00571	0.00000	0.00034	-0.07451	0.00000
0.00197	0.00159	0.00299	0.02982	0.00020	0.00000	0.00000	0.00000	0.02686	-0.01426	0.02720	0.03083	0.00000	0.02429	0.00000	0.01087	0.00000	0.00303	0.00000	0.00000	0.00000	0.00000	0.00000	0.00000	0.00000	0.00000	-0.02569	0.02418	0.00000	-0.01729
