-0.03967	0.00000	-0.00697	-0.05906	0.00000	0.08362	0.00000	-0.01426	0.05458	-0.00325	0.00000	-0.00403	0.04635	0.01642	-0.00478	-0.00245	-0.02369	-0.00931	0.00000	-0.00458	-0.08093	0.00000	-0.00347	-0.00484	-0.00423	0.06623	-0.00597	-0.00157	-0.00490	-0.00763
0.00000	-0.03308	0.00256	0.00549	0.01945	0.00000	0.00401	0.00859	0.00000	0.00000	0.00000	0.00000	0.00000	0.00000	0.00000	0.00000	0.01381	0.00000	0.02592	0.00000	0.00000	0.03487	0.00000	0.00000	0.00000	0.00000	0.00000	0.00000	0.00000	0.00000
-0.00715	-0.03697	-0.10202	-0.09315	-0.00261	0.00000	-0.00054	-0.00115	0.00000	-0.00324	0.00000	-0.00588	0.00000	0.46740	-0.00793	-0.00433	-0.00185	-0.01276	-0.00348	-0.00704	-0.11235	-0.00468	-0.00543	-0.00880	-0.00483	0.00000	-0.00745	-0.00245	-0.00543	-0.01100
0.01071	-0.05760	0.02083	-0.07257	-0.00406	0.00000	-0.00084	-0.00180	0.00000	0.00092	0.00000	0.00932	0.00000	0.00000	0.01312	0.00204	-0.00289	0.02114	-0.00542	0.01524	0.00861	-0.00729	0.01633	0.01195	0.00898	0.00000	0.00817	0.00738	0.00568	0.01545
0.00000	-0.06476	-0.00060	-0.00129	-0.03997	0.00000	-0.00094	-0.00202	0.00000	0.00000	0.00000	0.00000	0.00000	0.00000	0.00000	0.00000	-0.00324	0.00000	-0.00609	0.00000	0.00000	-0.00819	0.05694	0.00000	0.00000	0.00000	0.00000	0.00000	0.03479	0.00000
-0.02350	0.00000	0.00000	0.00000	0.00000	-1.03490	0.00000	0.00000	0.03007	0.00000	0.00404	0.00000	-0.16706	0.00492	0.00000	-0.09940	0.00000	0.00000	0.00000	0.00000	0.00000	0.00000	0.00000	0.00000	0.00000	0.04758	-0.04669	0.00008	0.00000	-0.09283
0.00000	-0.06127	-0.00057	-0.00122	-0.00432	0.00000	-0.01936	-0.00191	0.00000	0.00000	0.00000	0.00000	0.00000	0.00000	0.00000	0.00000	-0.00307	0.00000	-0.00576	0.00000	0.00000	-0.00775	0.03377	0.00000	0.00000	0.00000	0.00000	0.00000	0.02160	0.00000
0.00186	-0.07358	-0.00068	-0.00146	-0.00519	0.00000	-0.00107	-0.02226	0.00000	0.00000	0.00000	0.00000	0.00000	0.00000	0.00708	0.00781	-0.00369	0.00548	-0.00692	0.00810	0.01844	-0.00931	0.00000	0.02720	0.00000	0.00000	0.00000	0.00000	0.00000	0.00000
-0.00795	0.00000	0.00000	0.00000	0.00000	0.01364	0.00000	0.00000	-0.10221	0.00000	0.00073	0.00000	-0.00488	0.48922	0.00000	-0.07334	0.00000	0.00000	0.00000	0.00000	0.00000	0.00000	0.00000	0.00000	0.00000	0.01079	-0.05415	0.00001	0.00000	-0.01668
-0.00202	0.00000	-0.00250	-0.02760	0.00000	0.00000	0.00000	0.00000	0.00000	-0.08740	0.04844	-0.00126	0.00000	0.00000	-0.00174	-0.00068	-0.02574	-0.00397	0.00000	-0.00242	-0.01415	0.00000	0.01674	-0.00309	-0.00216	0.00000	0.03919	0.01243	0.03533	0.02210
0.00000	0.00000	0.00000	0.00000	0.00000	0.00167	0.00000	0.00000	0.00007	-0.15433	-0.13092	0.00000	0.00076	0.00000	0.00000	0.00000	0.00000	0.00000	0.00000	-0.27224	0.00000	0.00000	-0.00706	0.00000	0.00000	0.00127	-0.01194	-0.31751	-0.01082	-0.04528
-0.00196	0.00000	-0.00241	-0.02225	0.00000	0.00000	0.00000	0.00000	0.00000	-0.00130	0.00000	-0.04076	0.00000	0.00000	-0.00183	-0.00098	-0.01568	-0.00365	0.00000	-0.00206	-0.02446	0.00000	0.00541	-0.00281	-0.00176	0.00000	0.00854	-0.00059	0.00781	0.03224
-0.00798	0.00000	0.00000	0.00000	0.00000	0.01491	0.00000	0.00000	0.03983	0.00000	0.00018	0.00000	-0.11529	0.00125	0.00000	-0.03218	0.00000	0.00000	0.00000	0.00000	0.00000	0.00000	0.00000	0.00000	0.00000	0.13490	-0.01190	0.00000	0.00000	-0.00420
-0.24644	0.00000	-0.23880	0.00000	0.00000	0.00730	0.00000	0.00000	-0.11182	0.00000	0.00000	0.00000	0.00163	-0.22608	0.00000	0.00000	0.00000	0.00000	0.00000	0.00000	0.00000	0.00000	0.00000	0.00000	0.00000	0.00685	-0.06496	0.00000	0.00000	0.00000
-0.00517	0.00000	-0.00429	-0.01303	0.00000	0.00000	0.00000	-0.07937	0.00000	-0.00662	0.00000	-0.00327	0.00000	0.00000	-0.05222	-0.00001	-0.09564	-0.00845	0.00000	-0.00114	-0.10276	0.00000	-0.00077	0.00336	-0.00619	0.44011	-0.00822	-0.00035	-0.00823	-0.00677
-0.00402	0.00000	-0.00452	-0.04170	0.00000	0.07336	0.00000	-0.02887	0.07896	-0.00368	0.00000	-0.00255	0.00307	0.00000	-0.00216	-0.05010	-0.06203	-0.00739	0.00000	-0.00324	-0.04340	0.00000	-0.00245	-0.00198	-0.00464	0.03752	-0.00515	-0.00111	-0.00515	-0.00480
0.00963	-0.06540	-0.00061	-0.00130	-0.00461	0.00000	-0.00095	-0.00204	0.00000	0.01715	0.00000	0.00042	0.00000	0.00000	0.00064	0.00121	-0.02888	0.02133	-0.00615	0.01194	0.01691	-0.00827	0.00000	0.02355	0.01843	0.00000	0.01478	0.00000	0.02087	0.00120
-0.00964	0.00000	-0.01581	-0.16371	0.00000	0.00000	0.00000	-0.22775	0.00000	-0.00793	0.00000	-0.00830	0.00000	0.00000	-0.00111	0.00625	-0.11812	-0.30671	0.00000	-0.00232	-0.08914	0.00000	-0.00962	0.02143	-0.01196	0.00000	-0.01332	-0.00435	-0.01231	-0.01511
0.00000	-0.51612	-0.00479	-0.01027	-0.03641	0.00000	-0.00750	-0.01609	0.00000	0.00000	0.00000	0.00000	0.00000	0.00000	0.00000	0.00000	-0.02586	0.00000	-0.53629	0.00000	0.00000	-0.06527	0.00000	0.00000	0.00000	0.00000	0.00000	0.00000	0.00000	0.00000
-0.00240	0.00000	-0.00213	-0.01794	0.00000	0.00000	0.00000	-0.01382	0.00000	-0.00261	0.02410	-0.00127	0.00000	0.00000	-0.00110	-0.00040	-0.04925	-0.00453	0.00000	-0.02278	-0.02541	0.00000	0.06943	-0.00207	-0.00303	0.00000	-0.00322	0.10819	-0.00347	-0.00245
0.01261	0.00000	0.01083	-0.01859	0.00000	0.00000	0.00000	-0.01061	0.00000	0.01071	0.00000	0.00963	0.00000	0.00000	0.01274	0.01382	-0.00106	0.02002	0.00000	0.00679	-0.07682	0.00000	-0.00109	0.01877	0.00616	0.00000	0.01687	-0.00049	0.01261	0.02059
0.00000	-0.04716	-0.00044	-0.00094	-0.00333	0.00000	-0.00069	-0.00147	0.00000	0.00000	0.00000	0.00000	0.00000	0.00000	0.00000	0.00000	-0.00236	0.00000	-0.00443	0.00000	0.00000	-0.06005	0.02625	0.00000	0.00000	0.00000	0.00636	0.00000	0.01277	0.02546
-0.00059	0.00000	-0.00117	-0.01521	-0.02254	0.00000	-0.04347	0.00000	0.00000	-0.02242	0.10824	-0.02774	0.00000	0.00000	-0.00072	-0.00011	0.00000	-0.00116	0.00000	-0.01251	-0.00047	-0.01695	-0.12229	-0.00065	-0.00049	0.00000	0.00164	0.08960	-0.00288	0.01020
-0.02016	0.00000	-0.02653	-0.28776	0.00000	0.00000	0.00000	-0.02660	0.00000	-0.01309	0.00000	-0.01354	0.00000	0.00000	-0.01743	-0.00621	-0.21450	-0.03882	0.00000	-0.02277	-0.15915	0.00000	-0.01691	-0.32151	-0.02060	0.00000	-0.02184	-0.00764	-0.02061	-0.02435
-0.01891	0.00000	-0.01508	-0.07175	0.00000	0.00000	0.00000	0.00000	0.00000	-0.01906	0.00000	-0.01065	0.00000	0.00000	-0.01402	-0.01174	-0.27013	-0.03484	0.00000	-0.01685	-0.32710	0.00000	-0.00422	-0.03122	-0.70351	0.00000	-0.02466	-0.00190	-0.02427	-0.02158
-0.16051	0.00000	0.00000	0.00000	0.00000	0.01581	0.00000	0.00000	0.02003	0.00000	0.00585	0.00000	-0.05688	0.00706	-0.10145	-0.01873	0.00000	0.00000	0.00000	0.00000	0.00000	0.00000	0.00000	0.00000	0.00000	-0.27334	-0.06609	0.00012	0.00000	-0.13425
-0.00294	0.00000	-0.00404	-0.03772	0.00000	0.03478	0.00000	0.00000	0.07638	-0.04009	-0.00349	-0.01168	0.00593	0.03760	-0.00303	-0.00156	-0.01153	-0.00539	0.00000	-0.00306	-0.03933	-0.01631	0.00077	-0.00389	-0.00233	0.03343	-0.12773	-0.00195	-0.00253	0.00091
-0.00135	0.00000	-0.00268	-0.03492	0.00000	0.00098	0.00000	0.00000	0.00004	-0.08002	0.05568	-0.00117	0.00045	0.00000	-0.00165	-0.00026	0.00000	-0.00266	0.00000	-0.09715	-0.00108	0.00000	-0.03828	-0.00150	-0.00113	0.00074	-0.00721	0.49549	-0.00632	-0.02802
-0.00079	0.00000	-0.00052	-0.00665	-0.01260	0.00000	-0.02277	0.00000	0.00000	-0.02011	-0.00173	-0.01816	0.00000	0.00000	-0.00036	-0.00013	-0.02407	-0.00168	0.00000	-0.00102	-0.00150	-0.00148	0.08149	-0.00157	-0.00122	0.00000	-0.00051	-0.00065	-0.04325	0.10969
-0.00242	0.00000	-0.00116	-0.00499	0.00000	0.07425	0.00000	0.00000	0.00321	-0.02957	0.07176	-0.01149	0.03387	0.00000	-0.00116	-0.00106	-0.06466	-0.00480	0.00000	-0.00246	-0.02804	-0.00425	-0.00064	-0.00475	-0.00326	0.05638	-0.00407	0.00069	-0.02783	-0.11561
