-0.01627	-0.00151	-0.00074	0.00000	-0.00612	0.00000	0.00000	0.00000	0.01660	-0.01927	0.00000	0.00000	0.00000	0.00000	0.00000	0.00000	0.00000	-0.00165	0.00000	0.00000	0.00000	0.00000	0.00000	-0.02559	0.00000	0.00000	-0.01582	0.00000	0.10665	-0.00230
-0.00147	-0.02633	-0.00031	0.00975	-0.00662	0.00000	0.00000	0.00000	0.00000	-0.03658	0.01570	0.01827	0.00000	0.00364	0.00000	0.00798	0.00000	-0.00295	0.00000	0.00000	0.00000	0.00000	0.00000	0.00000	0.00000	0.00825	-0.04616	0.01190	0.00000	-0.00584
-0.00222	-0.00313	-0.18589	0.00000	0.23366	0.00000	0.00000	0.00000	0.00000	-0.00504	0.00000	0.00000	0.00000	0.00000	0.00000	0.00000	0.00000	-0.00641	0.00000	0.00000	0.00000	0.00000	0.00000	-0.03796	0.00000	0.00000	-0.13597	0.00000	0.00000	-0.01257
0.00000	-0.03392	0.00000	-0.01335	0.00000	0.00000	-0.00271	0.00000	-0.00395	0.00000	-0.03335	0.00690	-0.00400	0.00441	-0.03721	0.00204	0.45487	-0.03365	-0.00380	0.00000	-0.00197	-0.01326	-0.02901	0.00000	-0.00064	-0.03213	0.00000	0.01407	-0.00119	-0.02586
-0.00229	-0.00259	-0.00283	0.00000	-0.15997	-0.09342	0.00000	0.00000	0.00000	-0.02267	0.00000	0.44165	0.00000	0.00000	0.00000	0.00000	0.00000	-0.00374	0.00000	-0.01056	0.00000	0.00000	0.00000	-0.04098	0.00000	0.00000	-0.05765	0.00000	0.00000	-0.00625
0.00000	0.00000	0.00000	0.00000	0.06251	-0.01915	0.00000	0.00000	0.00000	0.00000	0.00000	0.00000	0.00000	0.00000	0.00000	0.00000	0.00000	0.00000	0.00000	0.01829	0.00000	0.00000	0.00000	0.00000	0.00000	0.00000	0.00000	0.00000	0.00000	0.00000
0.00000	0.00000	0.00000	-0.00112	0.00000	0.00000	-0.05575	0.00000	-0.04215	0.00000	-0.05296	-0.00341	-0.00475	0.00000	0.00000	0.00000	-0.00124	0.00000	0.09627	0.00000	-0.04409	0.00000	0.00000	0.00000	-0.00114	-0.02172	0.00000	-0.02621	-0.00266	0.00000
0.00000	0.00000	0.00000	0.00000	0.00000	0.00000	0.00000	-0.33039	0.00000	0.00000	0.00000	0.31120	0.00000	0.00000	0.00000	0.00000	0.00000	0.00000	0.00000	0.00000	0.00000	0.00000	0.00000	0.00000	0.00000	0.00000	0.00000	0.00000	0.00000	0.00000
-0.00748	0.00000	0.00000	0.00098	0.00000	0.00000	0.05621	0.00000	-0.11845	0.00000	-0.01276	0.00132	-0.00180	0.00308	-0.00001	-0.00407	-0.00036	0.00000	0.06432	0.00000	0.03675	-0.01595	0.00000	0.00000	-0.00044	-0.02770	0.00000	0.00023	0.06692	-0.01938
0.01034	0.02051	0.00030	0.00000	0.02167	0.00000	0.00000	0.00000	0.00000	-0.01392	0.00000	0.00000	0.00000	0.00000	0.00000	0.00000	0.00000	0.00957	0.00000	0.00000	0.00000	0.00000	0.00000	0.00000	0.00000	0.00000	0.00000	0.00000	0.00000	0.01501
0.00000	-0.02264	0.00000	0.01321	0.00000	0.00000	0.03261	0.00000	0.03958	0.00000	-0.09770	0.03151	0.04106	0.00168	-0.01713	0.00103	0.01179	-0.01543	0.04195	0.00000	0.01917	-0.00707	0.00000	0.00000	0.00674	0.00043	0.00000	0.00716	0.00372	-0.00890
0.00000	-0.05595	0.00000	0.01578	-0.04135	0.00000	-0.00120	-0.01407	-0.00290	0.00000	-0.00122	-0.71993	-0.00268	-0.07863	-0.07885	0.00531	-0.00039	-0.02931	-0.00216	0.00000	-0.00147	-0.04307	0.00000	0.00000	-0.00041	-0.06424	0.00000	0.01088	-0.00194	-0.03909
0.00000	0.00000	0.00000	-0.00115	0.00000	0.00000	-0.00321	0.00000	-0.00509	0.00000	-0.04845	-0.00378	0.06339	0.00000	0.00000	0.00000	-0.00113	0.00000	-0.00455	0.00000	-0.00239	0.00000	0.00000	0.00000	0.28771	-0.04380	0.00000	-0.00044	-0.00153	0.00000
0.00000	-0.06091	0.00000	0.00853	0.00000	0.00000	0.00000	0.00000	0.00038	0.00000	0.01041	0.24140	0.00000	-0.02955	-0.02962	0.00310	0.00000	-0.04817	0.00000	0.00000	-0.00000	-0.01316	0.00000	0.00000	0.00000	0.00091	0.00000	0.00515	-0.00002	-0.04188
0.00000	0.00000	0.00000	0.01837	0.00000	0.00000	0.00000	0.00000	-0.00000	0.00000	0.01156	0.01646	0.00000	0.00119	-0.02190	0.00323	0.00000	-0.00289	0.00000	-0.02997	-0.00001	-0.02147	0.00000	0.00000	0.00000	0.00460	0.00000	0.01271	-0.00004	0.00000
0.00000	-0.00435	0.00000	0.00397	0.00000	0.00000	0.00000	0.00000	0.03200	0.00000	0.00260	0.00371	0.00000	0.00056	-0.02696	-0.01742	0.00000	-0.01291	0.00000	0.00000	0.02840	-0.01346	0.00000	0.00000	0.00000	-0.00028	0.00000	0.00249	0.03933	-0.00311
0.00000	0.00000	0.00000	-0.18992	0.00000	0.00000	-0.00569	0.00000	-0.00689	0.00000	-0.08790	-0.00466	-0.00717	0.00000	0.00000	0.00000	-0.45263	0.00000	-0.00732	0.00000	-0.00335	0.00000	0.00000	0.00000	-0.18780	0.00000	0.00000	-0.00080	-0.00065	0.00000
-0.00133	-0.00195	-0.00046	0.01165	-0.00508	0.00000	0.00000	0.00000	0.00000	-0.02614	0.01611	0.01808	0.00000	0.00640	0.01204	0.01861	0.00000	-0.05016	0.00000	0.00000	0.00000	0.00667	0.00000	-0.01393	0.00000	0.01042	-0.01652	0.01466	0.00000	-0.00268
0.00000	0.00000	0.00000	-0.00156	0.00000	0.00000	-0.03762	0.00000	-0.14173	0.00000	-0.06164	-0.00532	-0.00651	0.00000	0.00000	0.00000	-0.00144	0.00000	-0.98543	0.00000	-0.08500	0.00000	0.00000	0.00000	-0.00175	-0.07409	0.00000	-0.04139	-0.00583	0.00000
0.00000	0.00000	0.00000	0.00000	-0.01390	-0.03598	0.00000	0.00000	0.00000	0.00000	0.00000	0.00000	0.00000	0.00000	0.00238	0.00000	0.00000	0.00000	0.00000	-0.01016	0.00000	0.01875	0.00000	0.00000	0.00000	0.01421	0.00000	0.00000	0.00000	0.00000
0.00000	0.00000	0.00000	-0.00057	0.00000	0.00000	0.02291	0.00000	0.06934	0.00000	-0.02273	-0.00189	-0.00234	-0.00001	-0.00001	-0.01130	-0.00053	0.00000	0.04358	0.00000	-0.08667	-0.00767	0.00000	0.00000	0.01528	-0.02446	0.00000	-0.00022	0.05112	0.00000
0.00000	0.00000	0.00000	0.01531	0.00000	0.00000	0.00000	0.00000	0.00047	0.00000	0.00356	0.01249	0.00000	0.01540	0.00847	0.00174	0.00000	-0.01924	0.00000	-0.02222	0.00468	-0.06839	0.00000	0.00000	0.00000	0.00465	0.00000	0.01761	0.01879	0.00000
0.00000	0.00000	0.00000	0.04103	0.00000	0.00000	0.00000	0.00000	0.00000	0.00000	0.00000	0.00000	0.00000	0.00000	0.00000	0.00000	0.00000	0.00000	0.00000	0.00000	0.00000	0.00000	-0.07894	0.00000	0.00000	0.00000	0.00000	0.02907	0.00000	0.00000
0.01263	0.00000	0.01077	0.00000	0.05873	0.00000	0.00000	0.00000	0.00000	0.00000	0.00000	0.00000	0.00000	0.00000	0.00000	0.00000	0.00000	0.00761	0.00000	0.00000	0.00000	0.00000	0.00000	-0.03248	0.00000	0.00000	0.00000	0.00000	0.00000	0.00000
0.00000	0.00000	0.00000	-0.00115	0.00000	0.00000	-0.00290	0.00000	-0.00675	0.00000	-0.03664	-0.00429	-0.01918	0.00000	0.00000	0.00000	0.37090	0.00000	-0.00476	0.00000	-0.02981	0.00000	0.00000	0.00000	-0.08386	-0.08496	0.00000	-0.00033	-0.00360	0.00000
0.00000	-0.04245	0.00000	0.00921	0.00000	0.00000	0.00238	0.00000	0.04151	0.00000	0.00271	0.04219	0.02816	0.00048	-0.00004	0.00087	0.00000	-0.01415	0.01650	-0.02114	0.01747	-0.01271	0.00000	0.00000	0.00391	-0.04611	0.00000	0.00192	0.03756	0.00000
0.00219	0.00635	0.00184	0.00000	0.02812	0.00000	0.00000	0.00000	0.00000	0.00000	0.00000	0.00000	0.00000	0.00000	0.00000	0.00000	0.00000	0.01263	0.00000	0.00000	0.00000	0.00000	0.00000	0.00000	0.00000	0.00000	-0.01573	0.00000	0.00000	0.02778
0.00000	-0.03413	0.00000	0.02104	0.00000	0.00000	0.01393	0.00000	-0.00248	0.00000	-0.02682	0.00604	-0.00269	0.00254	-0.02568	0.00219	-0.00077	-0.01172	0.19280	0.00000	-0.00126	-0.01051	-0.03318	0.00000	-0.00044	0.00106	0.00000	-0.02919	-0.00026	-0.01180
-0.02650	0.00000	0.00000	-0.00058	0.00000	0.00000	-0.00222	0.00000	-0.00944	0.00000	-0.02838	-0.00173	-0.00247	-0.00000	-0.00000	-0.01993	-0.00066	0.00000	-0.00315	0.00000	0.08993	-0.00284	0.00000	0.00000	-0.00064	-0.00799	0.00000	-0.00026	0.06769	0.00000
-0.00177	-0.00357	-0.00011	0.00930	-0.00448	0.00000	0.00000	0.00000	0.00112	-0.05463	0.01605	0.01877	0.00000	0.02001	0.00000	0.00850	0.00000	-0.00198	0.00000	0.00000	0.00000	0.00000	0.00000	0.00000	0.00000	0.00000	-0.01004	0.00251	0.00000	-0.06775
